0.209097
0.149549
0.14957
0.0807947
0.0805228
0.0458041
0.0454466
0.0285462
0.028198
0.0192481
0.0189318
0.0137782
0.0134952
0.0103214
0.010068
0.0080091
0.00778096
0.00639085
0.006184
0.00521609
0.00502724
0.00433724
0.0041637
0.00366305
0.00350266
0.00313478
0.00298577
0.00271328
0.00257418
0.00237164
0.00224126
0.00209093
0.00196825
0.00185748
0.00174166
0.00166126
0.00155159
0.00149475
0.00139061
0.00135224
0.0012531
0.00122933
0.00113473
0.00112258
0.00103213
0.00102927
0.000942614
0.00094723
0.000864068
0.000874719
0.000794775
0.202821
0.147643
0.147683
0.0814346
0.0811998
0.0466604
0.0463338
0.0292319
0.0289073
0.019765
0.0194673
0.0141705
0.0139027
0.0106253
0.0103847
0.00824984
0.00803275
0.00658545
0.00638832
0.00537622
0.00519606
0.00447107
0.00430539
0.00377642
0.0036232
0.00323195
0.00308953
0.00279742
0.00266443
0.00244516
0.00232047
0.00215569
0.00203835
0.00191493
0.00180414
0.00171256
0.00160762
0.00154081
0.00144116
0.00139382
0.00129895
0.00126704
0.00117652
0.00115693
0.00107037
0.00106068
0.000977756
0.000976062
0.00089648
0.000901271
0.000824769
0.197116
0.145778
0.145832
0.0819715
0.0817685
0.0474501
0.0471507
0.0298786
0.029575
0.0202574
0.0199762
0.0145463
0.014292
0.0109175
0.0106883
0.00848186
0.00827458
0.00677331
0.00658481
0.00553101
0.00535854
0.00460056
0.00444183
0.00388619
0.00373931
0.0033261
0.00318951
0.00287899
0.0027514
0.00251648
0.00239681
0.00221853
0.00210589
0.0019707
0.00186433
0.00176236
0.00166161
0.00158555
0.00148986
0.00143422
0.00134311
0.00130369
0.00121675
0.00119032
0.00110718
0.00109122
0.00101158
0.0010041
0.000927664
0.000927097
0.000853619
0.191898
0.14396
0.144025
0.0824194
0.0822439
0.0481802
0.0479049
0.0304898
0.030205
0.0207275
0.0204612
0.0149072
0.014665
0.0111991
0.0109801
0.00870595
0.00850744
0.00695506
0.00677426
0.00568094
0.00551534
0.0047261
0.00457358
0.0039927
0.00385148
0.0034175
0.00328611
0.00295822
0.00283545
0.00258577
0.00247059
0.00227962
0.00217118
0.00202493
0.00192251
0.00181081
0.00171378
0.00162909
0.00153692
0.00147354
0.00138577
0.00133937
0.00125561
0.00122283
0.00114274
0.00112097
0.00104424
0.00103141
0.000957771
0.000952258
0.000881466
0.1871
0.142191
0.142264
0.08279
0.0826383
0.0488564
0.0486026
0.0310688
0.0308009
0.0211774
0.0209244
0.0152544
0.0150231
0.0114709
0.0112611
0.00892277
0.00873218
0.00713119
0.00695735
0.00582641
0.00566701
0.00484803
0.00470109
0.00409622
0.00396009
0.00350639
0.00337968
0.00303532
0.00291687
0.00265323
0.00254208
0.0023391
0.00223443
0.00207776
0.00197887
0.00185802
0.00176433
0.00167151
0.00158251
0.00151186
0.00142711
0.00137415
0.00129326
0.00125454
0.00117718
0.00114998
0.00107586
0.00105806
0.000986921
0.00097681
0.000908424
0.182668
0.140472
0.140552
0.083093
0.0829621
0.0494838
0.0492494
0.0316181
0.0313656
0.0216084
0.0213677
0.0155889
0.0153676
0.0117337
0.0115323
0.00913289
0.0089495
0.00730216
0.00713463
0.00596779
0.00581401
0.00496663
0.00482476
0.00419699
0.00406547
0.00359297
0.00347049
0.00311044
0.00299591
0.00271898
0.00261148
0.00239711
0.00229585
0.00212929
0.00203361
0.00190409
0.00181342
0.00171292
0.00162678
0.00154928
0.00146724
0.00140812
0.00132981
0.0012855
0.00121061
0.00117832
0.00110656
0.00108409
0.00101521
0.0010008
0.000934585
0.178556
0.138803
0.138888
0.0833369
0.0832242
0.0500668
0.0498499
0.0321401
0.0319016
0.0220222
0.0217925
0.0159118
0.0156996
0.0119882
0.0117944
0.0093368
0.00916
0.00746834
0.00730658
0.00610536
0.00595672
0.00508214
0.0049449
0.0042952
0.0041679
0.0036774
0.00355879
0.00318373
0.00307278
0.00278317
0.00267899
0.00245375
0.0023556
0.00217962
0.00208686
0.00194909
0.00186117
0.00175339
0.00166985
0.00158585
0.00150628
0.00144132
0.00136537
0.00131578
0.00124313
0.00120603
0.00113642
0.00110955
0.00104273
0.00102426
0.000960026
0.174728
0.137185
0.137273
0.0835286
0.0834321
0.0506091
0.0504081
0.0326368
0.0324112
0.0224198
0.0222004
0.0162237
0.0160199
0.012235
0.0120482
0.00953495
0.0093642
0.00763006
0.00747361
0.0062394
0.00609548
0.00519479
0.0050618
0.00439104
0.0042676
0.00375983
0.00364477
0.00325533
0.00314765
0.00284588
0.00274475
0.00250911
0.00241381
0.00222883
0.00213874
0.0019931
0.0019077
0.00179297
0.00171181
0.00162163
0.00154432
0.00147381
0.00140001
0.00134541
0.00127482
0.00123316
0.00116552
0.00113447
0.00106954
0.00104724
0.00098481
0.171151
0.135616
0.135706
0.0836743
0.083592
0.051114
0.0509275
0.0331101
0.0328963
0.0228023
0.0225925
0.0165255
0.0163295
0.0124745
0.0122942
0.00972769
0.00956254
0.00778763
0.00763607
0.00637014
0.00623057
0.00530476
0.00517569
0.00448466
0.00436479
0.0038404
0.00372862
0.00332534
0.00322069
0.00290724
0.00280891
0.00256329
0.00247061
0.002277
0.00218937
0.00203619
0.00195311
0.00183173
0.00175277
0.00165667
0.00158145
0.00150565
0.00143383
0.00137445
0.00130574
0.00125975
0.00119391
0.0011589
0.0010957
0.00106976
0.00100899
0.167799
0.134094
0.134186
0.0837793
0.0837097
0.0515847
0.0514115
0.0335615
0.0333586
0.0231709
0.0229698
0.0168178
0.016629
0.0127071
0.0125329
0.00991538
0.00975542
0.0079413
0.00779428
0.00649779
0.00636226
0.00541222
0.00528678
0.00457621
0.00445964
0.00391923
0.00381048
0.00339386
0.00329201
0.00296731
0.00287158
0.00261635
0.0025261
0.00232419
0.00223884
0.00207841
0.00199748
0.00186972
0.00179279
0.00169103
0.00161773
0.00153686
0.00146687
0.00140292
0.00133596
0.00128582
0.00122165
0.00118287
0.00112126
0.00109186
0.00103262
0.160263
0.130491
0.130585
0.0838924
0.0838487
0.0526279
0.0524833
0.0346035
0.0344247
0.0240361
0.0238545
0.0175104
0.0173375
0.0132617
0.0131009
0.0103644
0.0102159
0.00830987
0.00817292
0.00680456
0.00667796
0.00567083
0.00555343
0.00479679
0.00468752
0.00410934
0.00400727
0.00355924
0.00346356
0.00311238
0.00302239
0.00274456
0.00265966
0.00243826
0.00235793
0.00218052
0.00210432
0.00196163
0.00188917
0.00177416
0.0017051
0.0016124
0.00154644
0.00147185
0.00140873
0.00134896
0.00128846
0.00124091
0.00118281
0.00114538
0.00108952
0.153716
0.127155
0.127248
0.0838358
0.0838118
0.0535072
0.0533861
0.0355365
0.035378
0.02483
0.024665
0.0181544
0.0179951
0.0137815
0.0136322
0.0107875
0.0106489
0.00865851
0.00853015
0.00709553
0.00697655
0.00591664
0.00580608
0.00500678
0.00490372
0.00429055
0.00419417
0.00371704
0.00362661
0.00325092
0.0031658
0.00286709
0.00278674
0.00254735
0.00247128
0.00227822
0.00220603
0.00204961
0.00198094
0.00185378
0.00178831
0.00168477
0.00162223
0.00153791
0.00147805
0.0014095
0.0013521
0.00129656
0.00124145
0.00119673
0.00114372
0.147959
0.124059
0.12415
0.0836513
0.0836424
0.0542496
0.054148
0.0363755
0.0362343
0.0255616
0.0254109
0.0187556
0.0186083
0.0142708
0.0141314
0.0111879
0.0110578
0.00898962
0.00886872
0.0073726
0.00726024
0.00615119
0.00604656
0.00520746
0.00510979
0.00446395
0.00437249
0.0038682
0.0037823
0.00338374
0.00330283
0.00298464
0.00290821
0.00265206
0.00257967
0.00237206
0.00230333
0.00213414
0.00206874
0.00193031
0.00186793
0.00175437
0.00169476
0.00160146
0.0015444
0.00146774
0.00141302
0.00135013
0.00129757
0.00124615
0.0011956
0.142844
0.121181
0.121269
0.0833701
0.0833729
0.0548765
0.0547912
0.0371327
0.0370064
0.0262383
0.0261001
0.019319
0.019182
0.0147329
0.0146023
0.011568
0.0114454
0.00930512
0.00919078
0.00763732
0.00753076
0.00637572
0.0062763
0.00539988
0.00530692
0.00463041
0.00454326
0.00401344
0.00393152
0.00351147
0.00343424
0.00309777
0.00302477
0.00275289
0.00268372
0.00246246
0.00239675
0.00221562
0.00215307
0.0020041
0.00194443
0.00182149
0.00176445
0.00166276
0.00160815
0.00152394
0.00147156
0.00140184
0.00135152
0.00129387
0.00124546
0.138259
0.118499
0.118584
0.0830154
0.0830274
0.0554052
0.0553337
0.0378179
0.0377047
0.026866
0.0267388
0.0198485
0.0197207
0.0151705
0.0150477
0.0119299
0.011814
0.0096066
0.00949809
0.00789094
0.00778954
0.00659126
0.00649647
0.00558487
0.0054961
0.00479063
0.00470731
0.00415339
0.00407498
0.00363464
0.00356067
0.00320692
0.00313696
0.00285024
0.00278391
0.00254978
0.00248674
0.00229435
0.00223432
0.00207543
0.00201815
0.0018864
0.00183163
0.00172207
0.00166962
0.00157832
0.00152801
0.00145188
0.00140353
0.00134006
0.00129354
0.134119
0.115993
0.116075
0.0826053
0.0826244
0.0558498
0.0557901
0.0384396
0.0383378
0.0274498
0.0273325
0.0203473
0.0202278
0.0155861
0.0154703
0.0122753
0.0121654
0.00989537
0.00979209
0.0081345
0.00803773
0.00679866
0.00670802
0.00576314
0.00567812
0.00494523
0.00486533
0.00428854
0.00421329
0.00375368
0.00368263
0.00331249
0.00324525
0.00294445
0.00288066
0.00263431
0.00257367
0.00237061
0.00231284
0.00214454
0.00208939
0.00194931
0.00189657
0.00177956
0.00172904
0.00163106
0.00158258
0.00150041
0.00145383
0.00138487
0.00134004
0.130355
0.113647
0.113725
0.0821534
0.0821781
0.056222
0.0561725
0.0390048
0.0389131
0.027994
0.0278855
0.0208183
0.0207062
0.0159816
0.0158721
0.0126056
0.0125012
0.0101726
0.010074
0.00836889
0.00827631
0.00699864
0.00691174
0.00593529
0.00585366
0.00509468
0.00501788
0.00441933
0.00434692
0.00386897
0.00380055
0.0034148
0.00335001
0.00303579
0.00297429
0.00271632
0.00265783
0.00244461
0.00238887
0.00221163
0.00215841
0.00201039
0.00195948
0.0018354
0.00178662
0.00168229
0.00163547
0.00154758
0.00150257
0.00142843
0.00138511
0.126913
0.111444
0.111519
0.0816704
0.0816996
0.0565315
0.0564908
0.0395194
0.0394367
0.0285023
0.0284017
0.0212639
0.0211586
0.0163587
0.0162549
0.0129222
0.0128227
0.0104391
0.0103449
0.00859486
0.00850609
0.00719181
0.00710831
0.00610181
0.00602327
0.00523943
0.00516544
0.00454611
0.00447629
0.00398082
0.00391479
0.00351411
0.00345155
0.0031245
0.00306509
0.002796
0.00273947
0.00251654
0.00246265
0.00227687
0.00222539
0.00206982
0.00202056
0.00188973
0.00184252
0.00173215
0.00168684
0.00159349
0.00154992
0.00147084
0.0014289
0.123751
0.109372
0.109444
0.0811647
0.0811974
0.0567866
0.0567535
0.0399887
0.039914
0.0289779
0.0288845
0.0216862
0.0215871
0.0167188
0.0166202
0.0132261
0.0131311
0.0106958
0.0106056
0.00881307
0.00872779
0.00737869
0.00729832
0.00626317
0.00618744
0.00537984
0.00530842
0.00466921
0.00460175
0.00408949
0.00402565
0.00361067
0.00355014
0.00321081
0.0031533
0.00287356
0.00281881
0.00258658
0.00253437
0.00234042
0.00229053
0.00212771
0.00207996
0.00194268
0.00189691
0.00178076
0.00173681
0.00163825
0.00159599
0.00151219
0.0014715
0.120832
0.107419
0.107488
0.0806429
0.0806783
0.0569942
0.0569677
0.040417
0.0403496
0.0294236
0.0293368
0.0220871
0.0219936
0.0170632
0.0169695
0.0135182
0.0134273
0.0109435
0.0108568
0.00902409
0.00894202
0.00755976
0.00748226
0.00641972
0.00634659
0.00551623
0.00544718
0.0047889
0.00472361
0.00419524
0.00413341
0.00370469
0.00364602
0.00329488
0.00323911
0.00294914
0.00289603
0.00265487
0.00260419
0.00240239
0.00235396
0.00218418
0.00213782
0.00199435
0.00194989
0.00182819
0.0017855
0.00168194
0.00164089
0.00155256
0.00151302
0.22234
0.153031
0.153106
0.0791713
0.0790654
0.0439083
0.0437476
0.02706
0.0268996
0.0181291
0.0179823
0.0129234
0.0127917
0.00965251
0.0095344
0.00747314
0.00736671
0.00595218
0.00585565
0.00485041
0.00476226
0.00402756
0.00394655
0.00339722
0.00332235
0.0029039
0.00283434
0.00251069
0.00244577
0.00219228
0.00213144
0.00193087
0.00187364
0.00171365
0.00165963
0.00153119
0.00148005
0.00137647
0.00132792
0.00124414
0.00119793
0.00113008
0.001086
0.00103107
0.000988941
0.000944575
0.000904233
0.000868576
0.000829874
0.000801438
0.000764249
0.213217
0.150676
0.150755
0.0802355
0.0801494
0.0451271
0.0449832
0.0279989
0.0278512
0.0188247
0.0186878
0.0134467
0.0133229
0.0100559
0.00994447
0.00779177
0.00769106
0.00620932
0.0061178
0.00506183
0.00497813
0.00420419
0.0041272
0.00354685
0.00347563
0.00303217
0.00296597
0.00262181
0.00255999
0.00228943
0.00223147
0.0020165
0.00196196
0.00178966
0.00173818
0.00159911
0.00155036
0.00143751
0.00139122
0.00129928
0.00125522
0.00118013
0.0011381
0.0010767
0.00103652
0.000986341
0.00094786
0.000906943
0.000870024
0.000836801
0.000801323
0.205171
0.148344
0.148425
0.081104
0.0810342
0.0462291
0.0460997
0.028871
0.0287344
0.019479
0.0193506
0.0139422
0.0138255
0.0104396
0.010334
0.00809562
0.00799993
0.00645501
0.00636788
0.00526412
0.00518433
0.00437338
0.00429991
0.00369028
0.00362227
0.00315522
0.00309196
0.00272846
0.00266936
0.00238272
0.00232729
0.00209875
0.00204657
0.00186271
0.00181344
0.0016644
0.00161773
0.0014962
0.00145188
0.00135231
0.00131012
0.00122828
0.00118803
0.0011206
0.00108212
0.00102653
0.000989672
0.000943868
0.000908503
0.00087084
0.000836853
0.198006
0.146058
0.146139
0.0818088
0.0817527
0.0472288
0.047112
0.0296838
0.029557
0.0200963
0.0199757
0.014413
0.0143025
0.0108056
0.0107052
0.00838631
0.00829508
0.00669052
0.00660728
0.00545829
0.00538197
0.00453595
0.0044656
0.00382822
0.00376305
0.00327363
0.00321297
0.00283115
0.00277445
0.00247257
0.00241938
0.00217801
0.00212792
0.00193312
0.0018858
0.00172734
0.00168252
0.0015528
0.00151022
0.00140347
0.00136293
0.00127473
0.00123605
0.00116296
0.00112598
0.00106532
0.00102989
0.00097951
0.000945517
0.000903701
0.000871031
0.191573
0.143831
0.143912
0.0823759
0.0823314
0.0481383
0.0480327
0.0304437
0.0303256
0.0206805
0.0205668
0.0148615
0.0147566
0.0111557
0.01106
0.00866518
0.00857795
0.00691687
0.00683713
0.00564518
0.00557197
0.00469259
0.00462503
0.00396123
0.0038986
0.00338789
0.00332955
0.00293029
0.00287574
0.00255936
0.00250816
0.00225459
0.00220636
0.00200117
0.0019556
0.0017882
0.00174502
0.00160752
0.00156651
0.00145294
0.00141388
0.00131966
0.00128239
0.00120395
0.00116831
0.00110285
0.0010687
0.001014
0.000981235
0.000935508
0.000904011
0.185754
0.141672
0.141751
0.0828264
0.0827917
0.0489676
0.0488718
0.0311557
0.0310456
0.0212348
0.0211273
0.0152899
0.01519
0.0114915
0.0114
0.00893334
0.00884971
0.00713494
0.00705836
0.00582548
0.00575506
0.00484386
0.00477881
0.00408979
0.00402944
0.00349838
0.00344214
0.00302621
0.00297359
0.00264337
0.00259396
0.00232874
0.00228219
0.00206708
0.00202309
0.00184715
0.00180546
0.00166056
0.00162094
0.0015009
0.00146316
0.00136323
0.00132721
0.00124369
0.00120925
0.00113925
0.00110625
0.00104746
0.00101579
0.000966361
0.000935918
0.180459
0.139584
0.139661
0.0831777
0.0831512
0.0497253
0.0496383
0.0318244
0.0317214
0.0217616
0.0216598
0.0156999
0.0156046
0.0118142
0.0117265
0.00919172
0.00911138
0.00734546
0.00727174
0.00599977
0.00593189
0.00499023
0.00492747
0.00421428
0.00415601
0.00360545
0.00355112
0.00311921
0.00306835
0.00272485
0.00267707
0.00240069
0.00235566
0.00213105
0.00208848
0.00190439
0.00186404
0.00171206
0.00167371
0.00154747
0.00151094
0.00140554
0.00137067
0.0012823
0.00124895
0.00117462
0.00114266
0.00107997
0.0010493
0.000996347
0.000966859
0.175612
0.137568
0.137644
0.0834436
0.0834243
0.0504185
0.0503395
0.0324535
0.032357
0.0222634
0.0221667
0.0160929
0.0160018
0.0121248
0.0120407
0.00944111
0.00936379
0.00754903
0.00747794
0.00616854
0.00610299
0.00513211
0.00507145
0.00433505
0.00427867
0.00370939
0.00365679
0.00320952
0.00316027
0.00280402
0.00275773
0.00247062
0.00242697
0.00219324
0.00215198
0.00196005
0.00192092
0.00176215
0.00172496
0.00159278
0.00155734
0.00144671
0.00141288
0.00131988
0.00128752
0.00120904
0.00117803
0.00111162
0.00108185
0.00102554
0.000996918
0.171155
0.135624
0.135698
0.0836365
0.0836233
0.0510539
0.050982
0.0330465
0.032956
0.0227421
0.0226502
0.0164704
0.0163832
0.0124244
0.0123435
0.00968224
0.00960769
0.00774622
0.00767755
0.00633223
0.00626883
0.00526987
0.00521112
0.0044524
0.00439777
0.00381044
0.00375943
0.00329738
0.00324959
0.00288106
0.00283613
0.00253869
0.00249632
0.00225381
0.00221373
0.00201426
0.00197625
0.00181095
0.00177481
0.00163692
0.0016025
0.00148684
0.00145396
0.0013565
0.00132505
0.00124259
0.00121245
0.00114247
0.00111353
0.001054
0.00102618
0.167037
0.13375
0.133823
0.0837664
0.0837585
0.0516368
0.0515713
0.0336062
0.0335211
0.0231994
0.023112
0.0168334
0.0167497
0.0127136
0.0126357
0.00991569
0.00984369
0.00793748
0.00787104
0.00649122
0.00642979
0.0054038
0.00534683
0.00456658
0.00451355
0.00390882
0.00385928
0.00338296
0.00333652
0.00295613
0.00291245
0.00260504
0.00256384
0.00231285
0.00227388
0.00206713
0.00203016
0.00185855
0.00182339
0.00168
0.00164649
0.00152599
0.00149399
0.00139224
0.00136162
0.00127534
0.001246
0.00117259
0.00114441
0.00108179
0.0010547
0.163219
0.131944
0.132015
0.0838422
0.0838387
0.0521721
0.0521124
0.0341353
0.0340552
0.023637
0.0235536
0.017183
0.0171027
0.0129933
0.0129181
0.010142
0.0100724
0.00812326
0.00805889
0.00664585
0.00658626
0.00553419
0.00547886
0.00467782
0.00462628
0.00400473
0.00395655
0.00346642
0.00342124
0.00302937
0.00298687
0.00266981
0.00262969
0.0023705
0.00233254
0.00211876
0.00208275
0.00190504
0.00187079
0.00172207
0.00168943
0.00156425
0.00153306
0.00142716
0.00139732
0.00130735
0.00127875
0.00120203
0.00117456
0.00110895
0.00108254
0.159664
0.130205
0.130274
0.0838703
0.0838708
0.0526639
0.0526095
0.034636
0.0345605
0.0240562
0.0239765
0.01752
0.0174428
0.013264
0.0131914
0.0103617
0.0102943
0.00830387
0.00824144
0.00679639
0.0067385
0.00566125
0.00560745
0.00478631
0.00473616
0.00409831
0.00405141
0.00354791
0.0035039
0.00310091
0.00305949
0.00273308
0.00269398
0.00242684
0.00238983
0.00216923
0.0021341
0.0019505
0.00191708
0.00176322
0.00173137
0.00160166
0.00157123
0.00146133
0.00143221
0.00133866
0.00131074
0.00123083
0.00120402
0.00113553
0.00110975
0.156345
0.128531
0.128596
0.0838574
0.0838615
0.053116
0.0530665
0.0351102
0.0350391
0.024458
0.0243819
0.0178453
0.017771
0.0135263
0.0134562
0.0105751
0.0105097
0.00847966
0.00841903
0.00694309
0.0068868
0.0057852
0.00573283
0.00489222
0.00484336
0.00418973
0.00414401
0.00362755
0.00358463
0.00317086
0.00313044
0.00279496
0.0027568
0.00248196
0.00244583
0.00221861
0.00218431
0.00199499
0.00196235
0.0018035
0.00177239
0.00163829
0.00160857
0.00149478
0.00146633
0.00136933
0.00134205
0.00125903
0.00123284
0.00116156
0.00113636
0.153236
0.126916
0.12698
0.0838088
0.0838158
0.0535317
0.0534866
0.0355599
0.0354927
0.0248437
0.0247709
0.0181596
0.018088
0.0137807
0.0137128
0.0107826
0.0107192
0.00865091
0.00859197
0.0070862
0.00703141
0.00590623
0.0058552
0.00499571
0.00494807
0.00427912
0.00423451
0.00370545
0.00366355
0.0032393
0.00319983
0.00285554
0.00281826
0.00253593
0.00250062
0.00226698
0.00223346
0.00203857
0.00200667
0.00184296
0.00181254
0.00167418
0.00164512
0.00152756
0.00149974
0.00139938
0.0013727
0.00128668
0.00126106
0.00118708
0.00116243
0.150316
0.12536
0.12542
0.0837291
0.0837389
0.0539143
0.0538732
0.0359868
0.0359234
0.0252143
0.0251446
0.0184635
0.0183944
0.0140277
0.013962
0.0109846
0.010923
0.00881791
0.00876057
0.00722594
0.00717255
0.00602452
0.00597476
0.00509694
0.00505044
0.0043666
0.00432303
0.00378173
0.00374079
0.00330635
0.00326777
0.0029149
0.00287845
0.00258882
0.00255429
0.00231439
0.0022816
0.0020813
0.00205009
0.00188166
0.00185189
0.00170939
0.00168094
0.00155972
0.00153248
0.00142887
0.00140275
0.00131382
0.00128873
0.00121212
0.00118799
0.280919
0.161786
0.161813
0.0712658
0.0711558
0.0368992
0.0367745
0.0220381
0.0219254
0.0145252
0.0144268
0.0102566
0.0101705
0.00761483
0.0075389
0.00587174
0.00580404
0.0046633
0.00460233
0.00379203
0.00373664
0.00314358
0.00309289
0.00264816
0.00260145
0.00226123
0.00221793
0.00195333
0.00191299
0.00170434
0.00166659
0.00150015
0.00146468
0.00133063
0.00129719
0.00118836
0.00115673
0.0010678
0.00103779
0.000964741
0.000936204
0.00087596
0.000848755
0.000798933
0.000772943
0.000731673
0.000706794
0.000672595
0.000648737
0.000620423
0.000597506
0.271433
0.161032
0.161066
0.0725928
0.0724942
0.0379216
0.0378051
0.0227357
0.0226289
0.0150138
0.01492
0.0106129
0.0105306
0.00788445
0.00781162
0.00608211
0.00601709
0.00483166
0.00477305
0.00392963
0.00387635
0.00325805
0.00320925
0.0027448
0.00269982
0.00234388
0.00230217
0.00202478
0.00198592
0.00176671
0.00173033
0.00155505
0.00152087
0.00137933
0.00134709
0.00123183
0.00120134
0.00110684
0.00107791
0.000999995
0.00097248
0.000907946
0.000881715
0.000828083
0.000803021
0.000758346
0.000734355
0.000697092
0.000674084
0.000642998
0.000620897
0.262865
0.160151
0.160188
0.0737857
0.0736973
0.0388793
0.0387702
0.0233982
0.0232968
0.0154808
0.0153911
0.0109547
0.0108757
0.00814362
0.0080736
0.00628463
0.00622202
0.0049939
0.00493741
0.00406233
0.00401094
0.00336849
0.0033214
0.00283809
0.00279467
0.00242368
0.0023834
0.0020938
0.00205626
0.00182697
0.00179183
0.00160811
0.00157508
0.00142639
0.00139524
0.00127386
0.00124439
0.00114459
0.00111663
0.00103408
0.00100749
0.000938876
0.00091352
0.000856274
0.000832047
0.000784143
0.000760951
0.000720787
0.000698543
0.000664835
0.000643468
0.255076
0.159174
0.159216
0.0748601
0.0747807
0.0397786
0.0396762
0.0240289
0.0239323
0.0159282
0.0158422
0.0112833
0.0112073
0.00839333
0.00832587
0.00648003
0.00641962
0.00515059
0.00509604
0.00419058
0.00414092
0.00347529
0.00342976
0.00292835
0.00288634
0.00250091
0.00246194
0.00216061
0.00212428
0.00188532
0.0018513
0.00165949
0.00162752
0.00147197
0.00144181
0.00131457
0.00128603
0.00118116
0.00115408
0.00106711
0.00104135
0.000968852
0.00094429
0.000883598
0.000860128
0.00080915
0.00078668
0.000743756
0.000722206
0.000686006
0.000665304
0.247957
0.158128
0.158172
0.0758296
0.0757584
0.0406251
0.0405288
0.0246306
0.0245386
0.0163578
0.0162752
0.0115999
0.0115268
0.00863448
0.00856936
0.006669
0.0066106
0.00530228
0.00524949
0.00431483
0.00426674
0.00357882
0.0035347
0.00301586
0.00297515
0.00257582
0.00253804
0.00222543
0.0021902
0.00194194
0.00190895
0.00170937
0.00167835
0.00151623
0.00148697
0.0013541
0.0013264
0.00121667
0.0011904
0.00109919
0.00107419
0.000997967
0.000974129
0.000910139
0.000887359
0.000833442
0.000811632
0.000766072
0.000745154
0.000706575
0.000686479
0.241417
0.157031
0.157077
0.0767058
0.0766418
0.0414235
0.0413328
0.0252059
0.025118
0.0167711
0.0166917
0.0119057
0.0118351
0.0088678
0.00880483
0.00685209
0.00679554
0.00544939
0.00539822
0.00443541
0.00438877
0.00367934
0.00363653
0.00310088
0.00306135
0.00264862
0.00261193
0.00228844
0.00225422
0.001997
0.00196494
0.00175787
0.00172773
0.00155927
0.00153083
0.00139255
0.00136563
0.00125122
0.00122568
0.0011304
0.0011061
0.0010263
0.00100312
0.000935966
0.00091382
0.000857083
0.000835878
0.000787791
0.000767452
0.000726596
0.000707056
0.235382
0.155899
0.15595
0.0774979
0.0774403
0.0421775
0.042092
0.0257566
0.0256725
0.0171692
0.0170928
0.0122012
0.012133
0.00909384
0.00903286
0.00702971
0.00697488
0.00559225
0.00554258
0.00455259
0.00450728
0.00377708
0.00373547
0.00318358
0.00314515
0.00271946
0.00268377
0.00234977
0.00231648
0.00205059
0.0020194
0.0018051
0.00177576
0.00160119
0.00157351
0.00143
0.0014038
0.00128488
0.00126001
0.00116081
0.00113715
0.0010539
0.00103134
0.000961132
0.000939569
0.00088012
0.000859472
0.000808956
0.000789151
0.000746108
0.00072708
0.229793
0.154744
0.154793
0.0782152
0.0781633
0.0428914
0.0428106
0.0262851
0.0262045
0.0175537
0.01748
0.0124875
0.0124215
0.00931331
0.00925417
0.00720241
0.00714916
0.00573128
0.005683
0.00466671
0.00462264
0.00387231
0.00383182
0.00326419
0.00322677
0.00278853
0.00275378
0.00240959
0.00237716
0.00210288
0.00207249
0.00185117
0.00182259
0.0016421
0.00161512
0.00146655
0.00144101
0.00131773
0.00129349
0.00119049
0.00116742
0.00108085
0.00105885
0.000985704
0.000964679
0.000902615
0.000882482
0.000829625
0.000810313
0.000765164
0.000746608
0.224595
0.153578
0.153626
0.0788638
0.0788172
0.0435673
0.043491
0.0267923
0.026715
0.017925
0.0178539
0.0127651
0.0127011
0.00952646
0.00946905
0.00737038
0.0073186
0.00586663
0.00581964
0.00477789
0.00473497
0.00396514
0.00392569
0.00334279
0.00330632
0.0028559
0.00282202
0.00246795
0.00243632
0.0021539
0.00212426
0.00189615
0.00186826
0.00168203
0.00165571
0.00150223
0.00147731
0.00134981
0.00132615
0.00121948
0.00119696
0.00110716
0.00108569
0.0010097
0.00098918
0.000924588
0.000904934
0.000849816
0.000830962
0.000783779
0.000765663
0.219745
0.152405
0.152454
0.0794504
0.0794087
0.0442086
0.0441363
0.0272799
0.0272057
0.0182842
0.0182155
0.0130345
0.0129725
0.00973384
0.00967803
0.00753401
0.00748362
0.00599862
0.00595284
0.00488638
0.00484454
0.00405578
0.00401729
0.00341957
0.00338398
0.00292173
0.00288865
0.00252499
0.0024941
0.00220378
0.00217483
0.00194012
0.00191288
0.00172108
0.00169536
0.00153713
0.00151279
0.00138118
0.00135807
0.00124783
0.00122583
0.00113291
0.00111193
0.00103318
0.00101313
0.000946086
0.000926877
0.000869572
0.000851145
0.000801995
0.000784288
0.21521
0.151229
0.151275
0.0799825
0.0799449
0.0448179
0.0447494
0.0277495
0.0276782
0.0186323
0.0185659
0.0132964
0.0132362
0.00993587
0.00988158
0.00769366
0.00764455
0.00612751
0.00608286
0.0049924
0.00495156
0.00414439
0.00410681
0.00349467
0.0034599
0.00298614
0.00295382
0.0025808
0.00255062
0.0022526
0.0022243
0.00198317
0.00195654
0.00175931
0.00173417
0.00157131
0.0015475
0.00141191
0.0013893
0.0012756
0.00125408
0.00115813
0.0011376
0.00105619
0.00103656
0.000967147
0.000948356
0.000888928
0.000870899
0.000819843
0.000802519
0.210952
0.150056
0.150108
0.0804621
0.0804286
0.0453969
0.0453319
0.0282018
0.0281331
0.0189696
0.0189053
0.0135512
0.0134926
0.0101327
0.0100799
0.00784943
0.00780154
0.00625339
0.00620981
0.00509602
0.00505612
0.00423104
0.00419431
0.00356813
0.00353413
0.00304916
0.00301755
0.00263544
0.00260591
0.0023004
0.0022727
0.00202532
0.00199926
0.00179675
0.00177214
0.00160478
0.00158148
0.00144201
0.00141988
0.00130281
0.00128174
0.00118284
0.00116274
0.00107872
0.00105951
0.000987785
0.000969384
0.000907895
0.000890241
0.000837334
0.000820368
0.206948
0.148891
0.148946
0.0808959
0.0808661
0.0459477
0.0458861
0.0286379
0.0285719
0.019297
0.0192346
0.0137992
0.0137423
0.0103248
0.0102733
0.00800163
0.00795489
0.00637651
0.00633392
0.00519742
0.00515842
0.00431589
0.00427996
0.00364009
0.00360682
0.00311092
0.00307997
0.00268899
0.00266008
0.00234725
0.00232013
0.00206666
0.00204113
0.00183347
0.00180936
0.00163761
0.00161478
0.00147153
0.00144985
0.00132949
0.00130885
0.00120708
0.00118738
0.00110083
0.001082
0.00100803
0.00099
0.000926507
0.000909204
0.000854497
0.000837869
0.20317
0.147738
0.147795
0.0812866
0.0812603
0.046472
0.0464134
0.0290588
0.0289951
0.0196148
0.0195543
0.0140408
0.0139854
0.0105123
0.0104621
0.0081504
0.00810475
0.00649696
0.00645533
0.00529671
0.00525854
0.004399
0.00436383
0.00371061
0.00367803
0.00317146
0.00314114
0.00274149
0.00271316
0.0023932
0.00236662
0.0021072
0.00208217
0.00186949
0.00184586
0.00166982
0.00164744
0.0015005
0.00147924
0.00135568
0.00133544
0.00123087
0.00121155
0.00112253
0.00110407
0.00102791
0.00101022
0.000944776
0.000927804
0.000871346
0.000855035
0.199604
0.146598
0.146646
0.0816399
0.0816162
0.0469725
0.0469167
0.0294657
0.0294043
0.0199239
0.0198652
0.0142766
0.0142226
0.0106957
0.0106467
0.00829611
0.00825148
0.00661505
0.00657431
0.0053941
0.00535673
0.00448057
0.00444611
0.00377984
0.00374792
0.00323091
0.00320119
0.00279307
0.00276529
0.00243835
0.00241229
0.00214703
0.00212249
0.0019049
0.00188171
0.00170149
0.00167952
0.00152898
0.00150812
0.00138143
0.00136157
0.00125426
0.0012353
0.00114387
0.00112575
0.00104746
0.00103009
0.000962742
0.000946083
0.000887916
0.000871905
0.196224
0.145475
0.145517
0.0819565
0.0819356
0.0474489
0.047396
0.0298587
0.0297994
0.0202243
0.0201673
0.0145065
0.0144539
0.0108749
0.010827
0.00843866
0.00839501
0.00673068
0.00669079
0.00548954
0.00545293
0.00456055
0.00452677
0.00384775
0.00381644
0.00328925
0.00326009
0.00284369
0.00281643
0.00248267
0.00245709
0.00218615
0.00216205
0.00193966
0.0019169
0.00173258
0.00171101
0.00155695
0.00153646
0.00140672
0.00138722
0.00127723
0.00125862
0.00116484
0.00114704
0.00106666
0.0010496
0.000980394
0.00096403
0.000904197
0.00088847
0.193019
0.144358
0.144409
0.0822395
0.0822215
0.047904
0.0478537
0.030239
0.0301818
0.0205168
0.0204613
0.0147311
0.0146798
0.0110503
0.0110035
0.00857839
0.00853566
0.00684413
0.00680505
0.00558324
0.00554734
0.0046391
0.00460597
0.00391448
0.00388376
0.00334658
0.00331796
0.00289346
0.00286669
0.00252625
0.00250113
0.00222461
0.00220095
0.00197385
0.00195149
0.00176317
0.00174198
0.00158447
0.00156434
0.00143161
0.00141244
0.00129984
0.00128155
0.00118547
0.00116797
0.00108555
0.00106879
0.000997766
0.000981684
0.000920221
0.000904763
0.18997
0.143269
0.143315
0.0824918
0.0824757
0.0483378
0.0482898
0.0306065
0.0305513
0.0208013
0.0207474
0.0149503
0.0149003
0.0112219
0.011176
0.00871523
0.00867338
0.00695535
0.00691703
0.00567516
0.00563994
0.0047162
0.00468368
0.00398
0.00394983
0.0034029
0.00337479
0.00294235
0.00291606
0.00256908
0.00254439
0.00226242
0.00223916
0.00200746
0.00198548
0.00179324
0.00177241
0.00161152
0.00159173
0.00145608
0.00143723
0.00132207
0.00130409
0.00120575
0.00118855
0.00110414
0.00108766
0.00101485
0.000999036
0.000935981
0.00092078
0.18707
0.1422
0.142226
0.0827173
0.0827038
0.0487527
0.0487072
0.0309629
0.0309095
0.0210787
0.0210263
0.0151648
0.0151159
0.01139
0.0113452
0.00884958
0.00880857
0.00706463
0.00702705
0.00576554
0.00573097
0.00479205
0.00476012
0.00404448
0.00401484
0.00345834
0.00343071
0.00299049
0.00296464
0.00261125
0.00258698
0.00229966
0.00227679
0.00204057
0.00201896
0.00182286
0.00180238
0.00163818
0.00161872
0.00148019
0.00146165
0.00134398
0.00132629
0.00122575
0.00120882
0.00112245
0.00110624
0.00103169
0.00101613
0.000951517
0.000936559
0.184306
0.141126
0.14117
0.0829189
0.0829051
0.0491496
0.0491064
0.0313085
0.0312568
0.0213494
0.0212983
0.0153748
0.015327
0.011555
0.0115111
0.00898151
0.0089413
0.00717204
0.00713516
0.00585443
0.00582048
0.00486669
0.00483531
0.00410795
0.00407882
0.00351293
0.00348577
0.00303791
0.00301249
0.0026528
0.00262893
0.00233635
0.00231385
0.0020732
0.00205193
0.00185206
0.0018319
0.00166446
0.0016453
0.00150396
0.00148571
0.00136558
0.00134816
0.00124546
0.0012288
0.00114051
0.00112455
0.0010483
0.00103298
0.000966836
0.000952109
0.181664
0.140085
0.140129
0.0830929
0.083084
0.0495284
0.0494871
0.0316428
0.0315929
0.0216129
0.0215632
0.0155799
0.0155332
0.0117165
0.0116735
0.00911087
0.00907143
0.00727747
0.00724126
0.00594174
0.00590839
0.00494003
0.00490919
0.00417035
0.0041417
0.00356661
0.00353989
0.00308455
0.00305953
0.00269367
0.00267018
0.00237245
0.0023503
0.00210531
0.00208437
0.0018808
0.00186095
0.00169032
0.00167146
0.00152735
0.00150938
0.00138685
0.00136969
0.00126486
0.00124846
0.00115829
0.00114257
0.00106465
0.00104956
0.00098192
0.000967415
0.179139
0.139055
0.139107
0.0832463
0.0832399
0.049891
0.0498519
0.0319675
0.0319191
0.0218703
0.0218219
0.0157809
0.0157352
0.0118751
0.0118329
0.00923802
0.00919932
0.00738119
0.00734562
0.00602769
0.0059949
0.00501227
0.00498194
0.00423183
0.00420365
0.00361951
0.00359322
0.00313052
0.0031059
0.00273398
0.00271084
0.00240805
0.00238624
0.00213698
0.00211636
0.00190914
0.00188959
0.00171583
0.00169725
0.00155043
0.00153273
0.00140783
0.00139093
0.00128401
0.00126785
0.00117584
0.00116035
0.00108078
0.00106592
0.000996807
0.000982513
0.176721
0.138059
0.138094
0.0833809
0.0833723
0.0502379
0.0502004
0.0322822
0.0322353
0.0221214
0.0220741
0.0159776
0.0159329
0.0120305
0.0119892
0.00936289
0.0093249
0.00748314
0.00744819
0.00611223
0.00607999
0.00508337
0.00505352
0.00429236
0.00426462
0.00367162
0.00364573
0.00317581
0.00315157
0.00277369
0.0027509
0.00244314
0.00242165
0.00216819
0.00214787
0.00193708
0.00191782
0.00174099
0.00172267
0.00157319
0.00155574
0.00142851
0.00141185
0.00130289
0.00128696
0.00119314
0.00117787
0.00109669
0.00108204
0.00101149
0.000997396
0.174404
0.137074
0.137099
0.0834941
0.08349
0.0505699
0.0505341
0.0325878
0.0325425
0.0223667
0.0223206
0.0161704
0.0161267
0.0121833
0.0121428
0.00948572
0.00944841
0.00758352
0.00754916
0.00619552
0.00616381
0.00515344
0.00512407
0.00435205
0.00432473
0.00372301
0.00369752
0.0032205
0.00319661
0.00281287
0.00279042
0.00247776
0.00245659
0.002199
0.00217897
0.00196466
0.00194567
0.00176582
0.00174776
0.00159566
0.00157846
0.00144893
0.00143251
0.00132154
0.00130583
0.00121023
0.00119517
0.00111241
0.00109795
0.00102599
0.00101209
0.172183
0.136076
0.136141
0.0835919
0.0835899
0.0508892
0.0508546
0.0328853
0.0328413
0.0226067
0.0225618
0.0163597
0.0163169
0.0123335
0.0122938
0.00960667
0.00957001
0.00768245
0.00764866
0.00627766
0.00624645
0.00522258
0.00519366
0.00441096
0.00438405
0.00377375
0.00374863
0.00326462
0.00324108
0.00285157
0.00282944
0.00251197
0.00249109
0.00222944
0.00220969
0.00199192
0.00197319
0.00179035
0.00177255
0.00161786
0.0016009
0.00146912
0.00145292
0.00133997
0.00132447
0.00122712
0.00121226
0.00112794
0.00111368
0.00104032
0.00102661
0.170043
0.135147
0.135179
0.0836688
0.0836695
0.0511928
0.0511602
0.0331729
0.0331303
0.0228405
0.0227966
0.0165447
0.0165028
0.0124807
0.0124416
0.0097253
0.00968927
0.00777958
0.00774634
0.00635837
0.00632764
0.00529055
0.00526206
0.00446889
0.00444238
0.00382367
0.00379891
0.00330804
0.00328483
0.00288966
0.00286783
0.00254564
0.00252505
0.0022594
0.00223993
0.00201875
0.00200028
0.00181452
0.00179695
0.00163973
0.00162299
0.001489
0.00147302
0.00135812
0.00134282
0.00124375
0.00122909
0.00114324
0.00112917
0.00105444
0.00104091
0.167989
0.134207
0.134239
0.0837387
0.0837347
0.0514847
0.0514532
0.0334534
0.033412
0.0230696
0.0230269
0.0167266
0.0166856
0.0126256
0.0125873
0.00984232
0.00980689
0.00787546
0.00784275
0.00643809
0.00640783
0.00535772
0.00532965
0.00452617
0.00450004
0.00387303
0.00384861
0.00335099
0.0033281
0.00292734
0.00290581
0.00257895
0.00255864
0.00228906
0.00226984
0.00204531
0.00202708
0.00183843
0.0018211
0.00166137
0.00164485
0.00150868
0.0014929
0.00137609
0.00136099
0.00126022
0.00124575
0.00115839
0.0011445
0.00106842
0.00105506
0.166006
0.133294
0.13334
0.0837852
0.0837838
0.0517626
0.051733
0.0337246
0.0336845
0.0232928
0.023251
0.0169044
0.0168642
0.0127676
0.01273
0.0099571
0.00992227
0.00796962
0.00793741
0.00651643
0.00648662
0.00542376
0.00539609
0.0045825
0.00455674
0.0039216
0.00389752
0.00339325
0.00337067
0.00296444
0.00294319
0.00261175
0.0025917
0.00231826
0.00229929
0.00207146
0.00205346
0.00186199
0.00184487
0.00168269
0.00166638
0.00152807
0.00151249
0.00139379
0.00137888
0.00127645
0.00126216
0.00117332
0.0011596
0.00108219
0.001069
0.164101
0.132388
0.132434
0.0838248
0.0838244
0.0520309
0.0520029
0.0339898
0.0339507
0.023512
0.0234712
0.0170795
0.0170401
0.0129077
0.0128708
0.0100705
0.0100363
0.00806273
0.00803102
0.00659395
0.00656457
0.00548914
0.00546186
0.00463829
0.00461288
0.0039697
0.00394595
0.00343513
0.00341284
0.00300119
0.00298022
0.00264426
0.00262447
0.0023472
0.00232847
0.00209738
0.00207961
0.00188534
0.00186844
0.00170383
0.00168772
0.00154729
0.0015319
0.00141134
0.00139662
0.00129254
0.00127842
0.00118812
0.00117457
0.00109585
0.00108282
0.16226
0.131497
0.131569
0.0838487
0.0838493
0.0522867
0.0522597
0.0342467
0.0342089
0.023726
0.023686
0.0172511
0.0172124
0.0130453
0.0130089
0.010182
0.0101483
0.00815434
0.0081231
0.00667027
0.00664131
0.00555354
0.00552663
0.00469327
0.00466819
0.00401713
0.00399368
0.00347642
0.00345442
0.00303744
0.00301674
0.00267632
0.00265678
0.00237575
0.00235725
0.00212296
0.00210541
0.00190838
0.00189168
0.00172469
0.00170878
0.00156626
0.00155106
0.00142867
0.00141412
0.00130842
0.00129447
0.00120273
0.00118934
0.00110934
0.00109646
0.160491
0.130628
0.130672
0.083867
0.0838671
0.0525347
0.0525088
0.0344986
0.0344619
0.0239366
0.0238976
0.0174205
0.0173825
0.0131813
0.0131456
0.0102924
0.0102592
0.00824511
0.00821433
0.00674593
0.00671738
0.00561741
0.00559087
0.00474781
0.00472306
0.00406419
0.00404104
0.0035174
0.00349568
0.00307343
0.00305298
0.00270815
0.00268885
0.0024041
0.00238583
0.00214836
0.00213102
0.00193126
0.00191476
0.00174541
0.00172968
0.0015851
0.00157008
0.00144587
0.0014315
0.0013242
0.00131041
0.00121724
0.001204
0.00112273
0.00111
0.158778
0.129773
0.129816
0.0838673
0.083875
0.0527707
0.0527462
0.0347428
0.0347073
0.0241423
0.0241042
0.0175865
0.0175492
0.0133149
0.0132798
0.0104009
0.0103682
0.00833445
0.00830412
0.00682045
0.0067923
0.00568035
0.00565417
0.00480158
0.00477716
0.0041106
0.00408774
0.00355783
0.00353637
0.00310893
0.00308874
0.00273957
0.0027205
0.00243208
0.00241402
0.00217344
0.0021563
0.00195385
0.00193755
0.00176586
0.00175032
0.00160371
0.00158885
0.00146287
0.00144865
0.00133977
0.00132615
0.00123157
0.00121849
0.00113596
0.00112337
0.157115
0.128939
0.129007
0.083856
0.0838644
0.0529955
0.0529721
0.0349788
0.0349444
0.0243425
0.0243052
0.0177486
0.0177121
0.0134457
0.0134111
0.0105074
0.0104752
0.00842217
0.00839227
0.00689368
0.0068659
0.00574223
0.00571639
0.00485447
0.00483035
0.00415626
0.00413368
0.00359761
0.00357641
0.00314388
0.00312392
0.0027705
0.00275165
0.00245963
0.00244178
0.00219813
0.00218119
0.0019761
0.00195998
0.00178601
0.00177064
0.00162203
0.00160735
0.0014796
0.00146555
0.00135512
0.00134164
0.00124569
0.00123275
0.001149
0.00113655
0.15552
0.128109
0.12815
0.0838464
0.0838555
0.0532152
0.0531929
0.0352118
0.0351784
0.0245411
0.0245046
0.0179097
0.0178739
0.0135758
0.0135418
0.0106134
0.0105816
0.00850956
0.00848008
0.00696666
0.00693925
0.00580393
0.00577842
0.00490722
0.0048834
0.00420181
0.0041795
0.0036373
0.00361636
0.00317876
0.00315903
0.00280136
0.00278273
0.00248713
0.00246948
0.00222277
0.00220602
0.00199831
0.00198237
0.00180612
0.00179092
0.00164033
0.0016258
0.00149632
0.00148241
0.00137044
0.00135711
0.00125979
0.00124699
0.00116201
0.0011497
0.153973
0.12729
0.127331
0.0838262
0.0838306
0.0534257
0.0534044
0.0354382
0.0354056
0.0247351
0.0246993
0.0180677
0.0180325
0.0137037
0.0136702
0.0107177
0.0106864
0.00859564
0.00856656
0.0070386
0.00701155
0.00586478
0.00583958
0.00495925
0.00493572
0.00424676
0.00422472
0.00367649
0.00365578
0.00321319
0.00319369
0.00283184
0.00281342
0.00251429
0.00249684
0.00224712
0.00223055
0.00202025
0.00200448
0.00182599
0.00181095
0.0016584
0.00164403
0.00151283
0.00149907
0.00138558
0.0013724
0.00127372
0.00126106
0.00117487
0.00116269
0.152457
0.126521
0.126561
0.0837939
0.0837963
0.0536218
0.0536011
0.0356551
0.0356234
0.0249224
0.0248875
0.018221
0.0181865
0.0138281
0.0137952
0.0108194
0.0107886
0.00867969
0.008651
0.0071089
0.0070822
0.00592428
0.0058994
0.00501017
0.00498692
0.00429076
0.00426897
0.00371485
0.00369438
0.00324691
0.00322762
0.00286169
0.00284347
0.00254089
0.00252363
0.00227097
0.00225458
0.00204174
0.00202615
0.00184546
0.00183059
0.00167612
0.0016619
0.00152901
0.0015154
0.00140042
0.00138738
0.00128738
0.00127485
0.00118748
0.00117542
0.151008
0.125712
0.125774
0.0837525
0.0837632
0.0538161
0.0537973
0.0358708
0.03584
0.0251094
0.0250753
0.0183743
0.0183403
0.0139527
0.0139203
0.0109212
0.0108908
0.00876386
0.00873555
0.00717933
0.00715297
0.00598391
0.00595932
0.0050612
0.00503822
0.00433486
0.00431333
0.00375331
0.00373307
0.00328072
0.00326165
0.00289163
0.00287361
0.00256757
0.0025505
0.00229489
0.00227867
0.00206331
0.00204787
0.00186499
0.00185027
0.00169389
0.00167982
0.00154525
0.00153178
0.00141531
0.0014024
0.00130108
0.00128868
0.00120013
0.00118819
0.149591
0.124955
0.125016
0.0837054
0.0837166
0.0539985
0.0539801
0.0360784
0.0360487
0.0252909
0.0252574
0.0185237
0.0184903
0.0140743
0.0140425
0.0110208
0.0109909
0.00884634
0.00881839
0.0072484
0.00722236
0.00604242
0.00601812
0.00511129
0.00508858
0.00437817
0.00435688
0.00379109
0.00377107
0.00331394
0.00329507
0.00292105
0.00290322
0.0025938
0.0025769
0.0023184
0.00230236
0.0020845
0.00206923
0.0018842
0.00186962
0.00171136
0.00169744
0.00156121
0.00154788
0.00142996
0.00141717
0.00131456
0.00130228
0.00121257
0.00120075
0.148215
0.12421
0.12427
0.0836517
0.0836608
0.0541752
0.0541572
0.036281
0.0362515
0.0254689
0.0254362
0.0186706
0.0186378
0.0141942
0.0141629
0.0111192
0.0110897
0.00892781
0.00890023
0.00731667
0.00729095
0.00610028
0.00607627
0.00516085
0.00513839
0.00442104
0.00439998
0.00382849
0.00380869
0.00334683
0.00332816
0.00295018
0.00293254
0.00261977
0.00260305
0.00234169
0.00232581
0.0021055
0.00209038
0.00190322
0.00188879
0.00172867
0.00171489
0.00157703
0.00156383
0.00144446
0.0014318
0.00132791
0.00131575
0.0012249
0.0012132
0.146889
0.123487
0.123481
0.0835925
0.083612
0.054346
0.0543289
0.0364806
0.0364522
0.0256451
0.0256131
0.0188164
0.0187842
0.0143134
0.0142825
0.011217
0.0111879
0.00900891
0.00898168
0.00738467
0.00735926
0.00615793
0.00613419
0.00521024
0.00518803
0.00446376
0.00444293
0.00386577
0.00384618
0.00337962
0.00336115
0.00297924
0.00296177
0.00264567
0.00262912
0.00236492
0.0023492
0.00212645
0.00211148
0.0019222
0.00190791
0.00174594
0.00173229
0.00159281
0.00157974
0.00145894
0.0014464
0.00134123
0.00132919
0.0012372
0.00122561
0.14558
0.12278
0.122816
0.0835183
0.0835332
0.0545021
0.0544867
0.0366706
0.0366427
0.0258144
0.0257829
0.0189573
0.0189257
0.014429
0.0143985
0.011312
0.0112833
0.00908779
0.0090609
0.00745086
0.00742575
0.00621409
0.00619063
0.00525839
0.00523643
0.00450543
0.00448483
0.00390215
0.00388276
0.00341162
0.00339334
0.00300759
0.0029903
0.00267096
0.00265457
0.00238761
0.00237204
0.0021469
0.00213208
0.00194073
0.00192658
0.00176281
0.00174929
0.00160823
0.00159528
0.00147308
0.00146066
0.00135425
0.00134232
0.00124922
0.00123774
0.144317
0.122094
0.122088
0.0834547
0.0834554
0.0546584
0.054642
0.0368581
0.036831
0.0259825
0.0259517
0.0190974
0.0190662
0.0145439
0.0145139
0.0114067
0.0113784
0.00916642
0.00913986
0.00751688
0.00749206
0.00627012
0.00624692
0.00530643
0.00528471
0.00454702
0.00452663
0.00393846
0.00391927
0.00344358
0.00342548
0.00303591
0.00301879
0.00269621
0.00267999
0.00241026
0.00239484
0.00216733
0.00215265
0.00195924
0.00194523
0.00177966
0.00176627
0.00162362
0.0016108
0.0014872
0.0014749
0.00136725
0.00135543
0.00126122
0.00124985
0.143083
0.121414
0.121408
0.0833728
0.0833836
0.0548033
0.0547885
0.0370394
0.0370133
0.0261463
0.0261162
0.0192345
0.0192038
0.0146567
0.0146272
0.0114997
0.0114717
0.00924375
0.00921753
0.00758186
0.00755734
0.00632531
0.00630236
0.00535377
0.00533228
0.00458801
0.00456783
0.00397426
0.00395527
0.00347508
0.00345717
0.00306383
0.00304688
0.00272112
0.00270505
0.00243261
0.00241734
0.00218749
0.00217294
0.00197751
0.00196363
0.00179629
0.00178302
0.00163882
0.00162611
0.00150114
0.00148895
0.00138008
0.00136837
0.00127307
0.0012618
0.141914
0.120692
0.120647
0.0833003
0.0833067
0.0549553
0.0549412
0.0372244
0.0371994
0.0263127
0.0262832
0.0193737
0.0193436
0.0147714
0.0147422
0.0115942
0.0115666
0.0093223
0.00929639
0.00764786
0.00762361
0.00638136
0.00635866
0.00540186
0.00538059
0.00462965
0.00460967
0.00401062
0.00399182
0.00350709
0.00348934
0.0030922
0.00307541
0.00274643
0.00273051
0.00245531
0.00244018
0.00220796
0.00219355
0.00199606
0.00198231
0.00181318
0.00180003
0.00165426
0.00164166
0.00151531
0.00150322
0.00139312
0.00138151
0.00128511
0.00127394
0.140736
0.11999
0.120063
0.0832191
0.0832212
0.055086
0.0550727
0.0373954
0.0373704
0.0264691
0.0264402
0.0195056
0.019476
0.0148803
0.0148516
0.0116843
0.0116571
0.00939741
0.00937181
0.00771107
0.00768708
0.00643508
0.00641263
0.00544799
0.00542694
0.00466962
0.00464985
0.00404555
0.00402693
0.00353784
0.00352027
0.00311946
0.00310284
0.00277075
0.00275498
0.00247714
0.00246215
0.00222766
0.00221338
0.00201391
0.00200029
0.00182943
0.0018164
0.00166911
0.00165663
0.00152893
0.00151696
0.00140567
0.00139416
0.0012967
0.00128563
0.139615
0.119322
0.119355
0.0831213
0.0831469
0.0552204
0.0552086
0.0375683
0.0375443
0.0266275
0.0265991
0.019639
0.0196099
0.0149907
0.0149623
0.0117755
0.0117486
0.00947343
0.00944812
0.00777503
0.00775132
0.00648947
0.00646725
0.00549469
0.00547385
0.00471008
0.0046905
0.00408091
0.00406246
0.00356897
0.00355157
0.00314707
0.0031306
0.00279539
0.00277976
0.00249925
0.00248439
0.0022476
0.00223344
0.00203199
0.00201848
0.00184589
0.00183297
0.00168416
0.00167178
0.00154274
0.00153086
0.00141837
0.00140696
0.00130844
0.00129746
0.138525
0.118631
0.118663
0.0830447
0.0830612
0.0553523
0.0553385
0.0377383
0.0377151
0.0267836
0.0267559
0.019771
0.0197423
0.0150999
0.015072
0.011866
0.0118394
0.00954884
0.00952383
0.00783853
0.00781507
0.00654348
0.00652149
0.00554107
0.00552044
0.00475029
0.0047309
0.00411605
0.00409778
0.00359992
0.00358267
0.00317451
0.00315819
0.00281988
0.00280439
0.00252123
0.0025065
0.00226743
0.0022534
0.00204997
0.00203657
0.00186225
0.00184945
0.00169912
0.00168685
0.00155646
0.00154469
0.00143101
0.0014197
0.00132011
0.00130922
0.137428
0.118033
0.118102
0.0829349
0.0829425
0.0554645
0.0554531
0.037895
0.0378722
0.0269304
0.0269031
0.0198962
0.019868
0.0152041
0.0151765
0.0119525
0.0119262
0.00962113
0.0095964
0.00789948
0.00787628
0.00659538
0.00657362
0.00558568
0.00556526
0.00478898
0.00476977
0.00414987
0.00413178
0.00362973
0.00361264
0.00320095
0.00318477
0.00284348
0.00282813
0.00254241
0.00252782
0.00228654
0.00227264
0.0020673
0.00205402
0.00187803
0.00186534
0.00171355
0.00170138
0.0015697
0.00155803
0.0014432
0.00143199
0.00133137
0.00132057
0.136399
0.117335
0.117438
0.0828463
0.0828453
0.0555888
0.0555753
0.0380595
0.0380371
0.0270827
0.027056
0.0200255
0.0199976
0.0153113
0.0152842
0.0120415
0.0120156
0.00969546
0.00967102
0.00796215
0.00793919
0.00664872
0.00662718
0.00563152
0.0056113
0.00482873
0.00480971
0.00418463
0.0041667
0.00366035
0.00364341
0.00322811
0.00321208
0.00286772
0.0028525
0.00256417
0.0025497
0.00230618
0.00229239
0.0020851
0.00207194
0.00189425
0.00188165
0.00172837
0.0017163
0.0015833
0.00157173
0.00145572
0.0014446
0.00134293
0.00133223
0.135364
0.116765
0.116796
0.0827582
0.0827486
0.055694
0.0556828
0.0382115
0.0381891
0.0272262
0.0271999
0.0201482
0.0201209
0.0154139
0.0153871
0.0121268
0.0121012
0.00976687
0.00974269
0.00802242
0.0079997
0.00670008
0.00667875
0.0056757
0.00565567
0.00486706
0.00484821
0.00421816
0.0042004
0.00368989
0.00367311
0.00325433
0.00323844
0.00289113
0.00287604
0.00258519
0.00257084
0.00232515
0.00231147
0.0021023
0.00208925
0.00190991
0.00189742
0.00174269
0.00173072
0.00159645
0.00158496
0.00146783
0.00145679
0.00135411
0.00134349
0.13439
0.116095
0.116126
0.0826451
0.0826536
0.0558094
0.0558023
0.0383691
0.0383493
0.0273741
0.0273484
0.0202748
0.0202478
0.0155193
0.0154929
0.0122145
0.0121892
0.00984016
0.00981626
0.00808427
0.00806178
0.00675277
0.00673165
0.00572101
0.00570117
0.00490637
0.0048877
0.00425255
0.00423494
0.0037202
0.00370356
0.00328122
0.00326546
0.00291513
0.00290017
0.00260674
0.00259251
0.0023446
0.00233103
0.00211994
0.00210699
0.00192597
0.00191358
0.00175737
0.0017455
0.00160992
0.00159853
0.00148024
0.00146929
0.00136558
0.00135504
0.13339
0.115532
0.11563
0.0825171
0.0825344
0.0558999
0.0558916
0.0385102
0.0384895
0.0275096
0.0274846
0.0203922
0.0203656
0.0156178
0.0155917
0.0122967
0.0122717
0.00990916
0.0098855
0.00814259
0.00812033
0.00680253
0.00678162
0.00576385
0.00574419
0.00494357
0.00492507
0.00428511
0.00426766
0.0037489
0.00373241
0.0033067
0.00329107
0.00293789
0.00292305
0.00262718
0.00261307
0.00236304
0.0023496
0.00213667
0.00212382
0.00194121
0.00192892
0.00177131
0.00175954
0.00162271
0.00161141
0.00149202
0.00148115
0.00137646
0.00136601
0.132449
0.115007
0.114903
0.0824174
0.0824262
0.056001
0.055995
0.0386577
0.0386379
0.0276506
0.0276257
0.0205133
0.0204873
0.0157192
0.0156935
0.0123813
0.0123566
0.00998007
0.00995667
0.00820253
0.00818051
0.00685365
0.00683294
0.00580785
0.00578838
0.00498178
0.00496344
0.00431854
0.00430124
0.00377838
0.00376203
0.00333286
0.00331737
0.00296125
0.00294654
0.00264816
0.00263417
0.00238199
0.00236865
0.00215385
0.0021411
0.00195686
0.00194467
0.00178562
0.00177394
0.00163585
0.00162463
0.00150411
0.00149333
0.00138763
0.00137726
0.131511
0.114409
0.114373
0.0822958
0.0823134
0.0560922
0.0560831
0.0387981
0.0387779
0.0277851
0.027761
0.02063
0.0206042
0.0158173
0.015792
0.0124633
0.012439
0.010049
0.0100258
0.00826083
0.00823903
0.00690342
0.00688291
0.00585072
0.00583142
0.00501901
0.00500083
0.00435114
0.00433399
0.00380713
0.00379092
0.00335839
0.00334302
0.00298405
0.00296946
0.00266864
0.00265476
0.00240047
0.00238724
0.00217062
0.00215797
0.00197213
0.00196004
0.00179959
0.001788
0.00164867
0.00163754
0.00151592
0.00150523
0.00139855
0.00138825
0.130575
0.113803
0.113961
0.0821849
0.0821857
0.0561672
0.0561638
0.0389274
0.0389082
0.0279131
0.0278895
0.020742
0.0207168
0.0159119
0.0158868
0.0125426
0.0125185
0.0101157
0.0100928
0.00831731
0.00829573
0.00695169
0.00693137
0.00589232
0.00587321
0.00505517
0.00503715
0.00438281
0.00436581
0.00383507
0.00381899
0.0033832
0.00336796
0.00300622
0.00299175
0.00268856
0.00267479
0.00241846
0.00240533
0.00218693
0.00217439
0.001987
0.001975
0.00181318
0.00180168
0.00166115
0.00165011
0.00152741
0.0015168
0.00140916
0.00139895
0.129695
0.113174
0.113392
0.0820692
0.0820786
0.0562624
0.056256
0.0390651
0.0390469
0.0280466
0.0280234
0.020858
0.0208331
0.0160096
0.0159849
0.0126245
0.0126006
0.0101844
0.0101618
0.00837555
0.00835418
0.00700143
0.00698131
0.00593518
0.00591623
0.00509241
0.00507455
0.00441543
0.00439857
0.00386384
0.0038479
0.00340875
0.00339363
0.00302905
0.00301469
0.00270906
0.0026954
0.00243697
0.00242394
0.00220372
0.00219128
0.0020023
0.00199039
0.00182718
0.00181576
0.001674
0.00166304
0.00153925
0.00152871
0.0014201
0.00140995
0.128827
0.112675
0.112765
0.0819475
0.0819653
0.0563439
0.0563362
0.0391973
0.0391791
0.0281764
0.0281537
0.0209715
0.020947
0.0161055
0.016081
0.0127048
0.0126812
0.010252
0.0102296
0.00843285
0.00841168
0.0070504
0.00703046
0.0059774
0.00595862
0.00512911
0.0051114
0.00444757
0.00443085
0.00389221
0.00387639
0.00343394
0.00341894
0.00305155
0.00303731
0.00272929
0.00271573
0.00245524
0.0024423
0.00222029
0.00220794
0.00201739
0.00200557
0.00184099
0.00182965
0.00168667
0.00167579
0.00155092
0.00154046
0.00143088
0.00142082
0.127969
0.112298
0.112081
0.0818191
0.0818451
0.0564148
0.056411
0.0393245
0.0393078
0.0283022
0.0282802
0.021082
0.0210578
0.0161992
0.016175
0.0127835
0.0127602
0.0103183
0.0102962
0.0084891
0.00846815
0.00709852
0.00707876
0.0060189
0.00600028
0.0051652
0.00514764
0.0044792
0.00446262
0.00392012
0.00390443
0.00345874
0.00344386
0.00307371
0.00305958
0.0027492
0.00273574
0.00247322
0.00246039
0.00223661
0.00222435
0.00203226
0.00202053
0.00185459
0.00184334
0.00169916
0.00168836
0.00156242
0.00155204
0.00144151
0.00143152
0.127143
0.111634
0.111601
0.0817136
0.0817314
0.0564947
0.0564879
0.0394528
0.0394351
0.0284295
0.0284069
0.0211933
0.0211694
0.0162934
0.0162695
0.0128628
0.0128397
0.0103851
0.0103631
0.00854573
0.00852497
0.00714695
0.00712737
0.00606068
0.00604222
0.00520153
0.00518412
0.00451104
0.00449459
0.00394822
0.00393265
0.0034837
0.00346894
0.00309603
0.003082
0.00276925
0.00275589
0.00249133
0.00247859
0.00225304
0.00224087
0.00204723
0.00203558
0.00186828
0.00185711
0.00171173
0.00170101
0.00157401
0.0015637
0.00145222
0.00144229
0.126307
0.111136
0.111163
0.081565
0.0815988
0.056554
0.0565527
0.0395693
0.0395534
0.0285472
0.0285259
0.0212985
0.0212751
0.0163831
0.0163595
0.0129384
0.0129156
0.010449
0.0104272
0.00860003
0.00857946
0.00719345
0.00717404
0.00610083
0.00608253
0.00523647
0.00521921
0.00454168
0.00452536
0.00397528
0.00395983
0.00350775
0.0034931
0.00311752
0.0031036
0.00278857
0.00277532
0.00250878
0.00249614
0.00226888
0.0022568
0.00206167
0.0020501
0.00188149
0.0018704
0.00172386
0.00171321
0.00158518
0.00157494
0.00146254
0.00145268
0.125529
0.110565
0.110533
0.0814812
0.0814834
0.0566335
0.056624
0.0396968
0.0396795
0.0286735
0.0286521
0.0214094
0.021386
0.0164771
0.0164538
0.0130174
0.0129949
0.0105157
0.0104942
0.00865665
0.00863627
0.00724191
0.00722267
0.00614265
0.0061245
0.00527285
0.00525573
0.00457357
0.00455738
0.00400343
0.0039881
0.00353276
0.00351822
0.00313988
0.00312606
0.00280867
0.00279551
0.00252694
0.00251438
0.00228535
0.00227336
0.00207668
0.00206519
0.00189522
0.00188421
0.00173647
0.00172589
0.0015968
0.00158663
0.00147328
0.00146348
0.12473
0.109971
0.110169
0.0813565
0.0813433
0.0566899
0.056691
0.0398101
0.0397932
0.028789
0.0287685
0.0215125
0.0214895
0.0165652
0.0165423
0.013092
0.0130697
0.0105787
0.0105574
0.00871032
0.00869012
0.0072879
0.00726883
0.00618238
0.00616439
0.00530745
0.00529046
0.00460392
0.00458786
0.00403024
0.00401503
0.00355659
0.00354216
0.00316119
0.00314747
0.00282782
0.00281476
0.00254424
0.00253178
0.00230106
0.00228915
0.002091
0.00207959
0.00190832
0.00189739
0.0017485
0.001738
0.00160788
0.00159778
0.00148352
0.0014738
0.123926
0.109705
0.109674
0.081185
0.0811876
0.0567365
0.0567311
0.0399127
0.0398972
0.0288976
0.0288772
0.0216105
0.0215878
0.0166494
0.0166267
0.0131634
0.0131414
0.0106393
0.0106182
0.00876191
0.00874191
0.00733219
0.00731329
0.00622067
0.00620284
0.00534082
0.00532397
0.00463321
0.00461728
0.00405612
0.00404103
0.00357961
0.00356529
0.00318178
0.00316816
0.00284634
0.00283337
0.00256097
0.0025486
0.00231625
0.00230442
0.00210484
0.00209352
0.00192099
0.00191014
0.00176013
0.00174971
0.0016186
0.00160857
0.00149343
0.00148377
0.123218
0.108957
0.109148
0.0810817
0.0810845
0.0568141
0.0568091
0.0400382
0.040024
0.0290234
0.0290028
0.0217212
0.021699
0.0167436
0.0167212
0.0132428
0.0132209
0.0107063
0.0106854
0.00881886
0.00879903
0.00738094
0.0073622
0.00626278
0.00624508
0.00537746
0.00536074
0.00466534
0.00464952
0.0040845
0.00406951
0.00360483
0.00359061
0.00320433
0.0031908
0.00286661
0.00285372
0.00257928
0.00256699
0.00233287
0.00232112
0.00211999
0.00210874
0.00193485
0.00192406
0.00177286
0.0017625
0.00163032
0.00162036
0.00150426
0.00149467
0.122496
0.108417
0.108605
0.080944
0.0809772
0.0568727
0.0568713
0.0401539
0.0401382
0.0291405
0.0291209
0.0218258
0.0218039
0.016833
0.0168109
0.0133185
0.0132969
0.0107704
0.0107497
0.00887337
0.00885372
0.0074277
0.00740911
0.00630318
0.00628563
0.00541265
0.00539606
0.00469622
0.00468052
0.00411178
0.0040969
0.00362908
0.00361496
0.00322602
0.00321259
0.00288611
0.00287332
0.00259691
0.0025847
0.00234887
0.00233719
0.00213457
0.00212339
0.00194819
0.00193748
0.00178511
0.00177482
0.00164161
0.00163171
0.0015147
0.00150516
0.12173
0.108155
0.108126
0.0808264
0.0808145
0.0569075
0.0569032
0.0402477
0.0402315
0.0292423
0.0292228
0.0219185
0.0218968
0.0169135
0.0168915
0.013387
0.0133656
0.0108287
0.0108081
0.00892314
0.00890368
0.00747049
0.00745207
0.00634024
0.00632282
0.00544498
0.00542851
0.00472461
0.00470903
0.00413688
0.00412211
0.00365142
0.0036374
0.003246
0.00323267
0.00290409
0.00289139
0.00261316
0.00260104
0.00236362
0.00235203
0.00214803
0.00213693
0.00196051
0.00194987
0.00179643
0.0017862
0.00165204
0.00164221
0.00152434
0.00151487
0.121023
0.107723
0.107589
0.0806787
0.0806967
0.0569578
0.0569505
0.0403525
0.0403395
0.0293525
0.0293336
0.0220181
0.0219968
0.0169992
0.0169775
0.0134599
0.0134386
0.0108905
0.0108702
0.00897586
0.00895656
0.00751575
0.00749748
0.00637939
0.00636211
0.0054791
0.00546276
0.00475457
0.00473911
0.00416336
0.0041487
0.00367498
0.00366106
0.00326708
0.00325384
0.00292304
0.00291043
0.00263029
0.00261825
0.00237918
0.00236766
0.00216221
0.00215118
0.00197349
0.00196291
0.00180835
0.00179819
0.00166303
0.00165326
0.00153449
0.00152508
0.120355
0.107111
0.107083
0.0805622
0.0805656
0.0570175
0.0570171
0.0404654
0.0404509
0.0294681
0.0294486
0.0221212
0.0221003
0.0170878
0.0170664
0.0135348
0.0135139
0.0109541
0.010934
0.00903005
0.00901093
0.00756226
0.00754414
0.00641962
0.00640248
0.00551416
0.00549794
0.00478535
0.00477
0.00419057
0.00417601
0.00369917
0.00368534
0.00328872
0.00327557
0.00294251
0.00292997
0.00264788
0.00263592
0.00239515
0.00238371
0.00217677
0.00216581
0.00198681
0.0019763
0.00182058
0.00181049
0.0016743
0.00166459
0.00154491
0.00153556
0.119645
0.106665
0.106739
0.0804224
0.0804405
0.0570483
0.0570417
0.0405564
0.040544
0.0295677
0.0295492
0.0222132
0.0221924
0.0171675
0.0171463
0.0136029
0.0135821
0.0110121
0.0109922
0.00907966
0.0090607
0.00760495
0.00758697
0.0064566
0.00643959
0.00554644
0.00553034
0.00481371
0.00479847
0.00421566
0.0042012
0.0037215
0.00370777
0.00330871
0.00329565
0.00296049
0.00294804
0.00266414
0.00265226
0.00240992
0.00239855
0.00219023
0.00217935
0.00199914
0.0019887
0.00183191
0.00182188
0.00168474
0.00167509
0.00155456
0.00154527
0.119015
0.106084
0.106157
0.080299
0.080317
0.0571093
0.0571094
0.0406683
0.0406562
0.0296826
0.0296647
0.0223162
0.0222959
0.0172561
0.0172351
0.0136781
0.0136576
0.0110759
0.0110561
0.00913406
0.00911524
0.00765164
0.00763381
0.006497
0.00648012
0.00558166
0.00556568
0.00484464
0.0048295
0.00424299
0.00422863
0.00374581
0.00373217
0.00333046
0.00331748
0.00298006
0.00296769
0.00268183
0.00267002
0.00242597
0.00241468
0.00220487
0.00219405
0.00201254
0.00200216
0.00184422
0.00183425
0.00169608
0.00168649
0.00156505
0.00155581
0.11833
0.105751
0.105725
0.0801588
0.0801768
0.0571357
0.0571426
0.0407552
0.0407426
0.0297795
0.0297619
0.0224056
0.0223856
0.0173341
0.0173135
0.013745
0.0137246
0.0111329
0.0111134
0.00918292
0.00916427
0.00769372
0.00767604
0.0065335
0.00651675
0.00561352
0.00559766
0.00487265
0.00485763
0.00426778
0.00425353
0.00376788
0.00375434
0.00335022
0.00333733
0.00299784
0.00298555
0.00269791
0.00268618
0.00244058
0.00242936
0.0022182
0.00220745
0.00202474
0.00201443
0.00185542
0.00184552
0.00170641
0.00169688
0.0015746
0.00156542
0.117685
0.105251
0.105322
0.0800229
0.0800408
0.0571735
0.0571773
0.0408496
0.0408383
0.0298816
0.0298643
0.0224992
0.0224793
0.0174154
0.017395
0.0138144
0.0137943
0.0111921
0.0111727
0.00923357
0.00921508
0.00773731
0.00771976
0.00657127
0.00655465
0.00564649
0.00563075
0.00490163
0.00488671
0.00429342
0.00427926
0.00379071
0.00377725
0.00337065
0.00335785
0.00301623
0.00300402
0.00271453
0.00270288
0.00245568
0.00244453
0.00223197
0.00222128
0.00203734
0.00202709
0.001867
0.00185716
0.00171709
0.00170761
0.00158447
0.00157534
0.117058
0.104763
0.104833
0.0799044
0.0799223
0.0572244
0.057219
0.0409449
0.0409329
0.0299841
0.0299668
0.0225928
0.0225732
0.0174968
0.0174766
0.0138839
0.013864
0.0112514
0.0112322
0.00928427
0.00926593
0.00778096
0.00776355
0.0066091
0.0065926
0.00567952
0.00566389
0.00493067
0.00491585
0.00431911
0.00430504
0.00381357
0.00380021
0.00339112
0.0033784
0.00303465
0.00302252
0.00273119
0.00271961
0.00247081
0.00245973
0.00224577
0.00223515
0.00204998
0.00203979
0.00187861
0.00186882
0.00172778
0.00171837
0.00159436
0.00158528
0.116439
0.104375
0.10435
0.0797976
0.0797602
0.0572466
0.0572383
0.0410373
0.0410211
0.030083
0.0300669
0.0226849
0.0226655
0.017577
0.017557
0.0139526
0.0139328
0.0113099
0.0112909
0.0093344
0.00931623
0.00782413
0.00780687
0.00664655
0.00663017
0.00571222
0.0056967
0.00495942
0.0049447
0.00434456
0.00433059
0.00383623
0.00382295
0.00341141
0.00339877
0.00305291
0.00304085
0.00274771
0.00273619
0.00248581
0.00247479
0.00225945
0.00224889
0.0020625
0.00205238
0.00189012
0.00188039
0.00173839
0.00172903
0.00160417
0.00159514
0.115838
0.103906
0.103881
0.0796406
0.079631
0.0572865
0.0572847
0.0411323
0.0411183
0.0301846
0.0301676
0.0227773
0.0227584
0.0176574
0.0176376
0.0140215
0.0140021
0.0113688
0.0113499
0.00938481
0.00936677
0.00786755
0.0078504
0.0066842
0.00666794
0.0057451
0.00572969
0.00498834
0.00497372
0.00437015
0.00435627
0.00385902
0.00384582
0.00343181
0.00341925
0.00307127
0.00305929
0.00276431
0.00275287
0.0025009
0.00248995
0.00227321
0.00226272
0.0020751
0.00206503
0.0019017
0.00189202
0.00174906
0.00173975
0.00161403
0.00160506
0.115175
0.103746
0.103537
0.0794607
0.0795056
0.0572942
0.0572926
0.0411939
0.0411838
0.0302643
0.0302476
0.0228546
0.0228352
0.0177261
0.0177065
0.0140809
0.0140615
0.01142
0.0114013
0.00942886
0.00941099
0.00790566
0.00788867
0.00671735
0.00670123
0.00577413
0.00575883
0.0050139
0.00499939
0.00439281
0.00437903
0.00387922
0.00386612
0.00344992
0.00343744
0.00308758
0.00307568
0.00277907
0.0027677
0.00251431
0.00250343
0.00228545
0.00227502
0.00208632
0.00207631
0.001912
0.00190239
0.00175857
0.00174932
0.00162282
0.00161391
0.114552
0.103246
0.103404
0.0793547
0.0793187
0.0572957
0.0572944
0.0412694
0.041256
0.0303502
0.0303344
0.0229358
0.0229174
0.0177984
0.0177789
0.0141433
0.0141243
0.0114736
0.0114551
0.00947494
0.00945722
0.00794547
0.00792859
0.00675195
0.00673594
0.00580439
0.00578921
0.00504056
0.00502614
0.00441642
0.00440273
0.00390026
0.00388725
0.00346878
0.00345638
0.00310456
0.00309274
0.00279444
0.00278314
0.00252828
0.00251746
0.00229819
0.00228783
0.00209799
0.00208804
0.00192273
0.00191317
0.00176846
0.00175926
0.00163197
0.00162311
0.113957
0.10313
0.102746
0.0791805
0.0792249
0.0573232
0.0573159
0.0413425
0.0413348
0.0304402
0.0304247
0.0230201
0.0230017
0.0178726
0.0178534
0.0142074
0.0141885
0.0115285
0.0115102
0.00952214
0.00950456
0.00798623
0.00796949
0.00678738
0.00677148
0.00583538
0.0058203
0.00506783
0.00505352
0.00444059
0.00442699
0.0039218
0.00390886
0.00348807
0.00347575
0.00312194
0.00311019
0.00281016
0.00279893
0.00254256
0.00253182
0.00231123
0.00230093
0.00210993
0.00210004
0.0019337
0.0019242
0.00177857
0.00176943
0.00164132
0.00163251
0.113415
0.102517
0.102316
0.0790635
0.0791076
0.0573646
0.0573575
0.0414369
0.0414294
0.0305398
0.0305239
0.0231125
0.0230944
0.0179529
0.0179339
0.0142764
0.0142575
0.0115874
0.0115692
0.00957269
0.00955523
0.0080298
0.00801317
0.00682517
0.00680939
0.00586841
0.00585343
0.00509689
0.00508267
0.00446632
0.0044528
0.00394471
0.00393186
0.0035086
0.00349635
0.00314042
0.00312873
0.00282688
0.00281571
0.00255775
0.00254706
0.00232508
0.00231484
0.00212261
0.00211278
0.00194536
0.00193591
0.00178932
0.00178023
0.00165126
0.0016425
0.112846
0.102058
0.102034
0.0789208
0.0789384
0.0573794
0.0573848
0.0415142
0.0415052
0.0306276
0.0306126
0.0231955
0.0231775
0.0180266
0.0180079
0.0143401
0.0143216
0.0116422
0.0116241
0.00961977
0.00960244
0.00807047
0.00805397
0.00686053
0.00684486
0.00589936
0.00588447
0.00512414
0.00511001
0.00449046
0.00447703
0.00396623
0.00395345
0.00352788
0.00351571
0.00315779
0.00314617
0.00284259
0.00283149
0.00257203
0.00256141
0.00233812
0.00232793
0.00213455
0.00212477
0.00195633
0.00194693
0.00179944
0.00179039
0.00166062
0.0016519
0.1123
0.101618
0.101595
0.0788138
0.0788055
0.0574057
0.0573991
0.0415968
0.0415881
0.0307197
0.0307043
0.023281
0.0232638
0.0181019
0.0180837
0.0144051
0.0143867
0.0116979
0.01168
0.00966768
0.00965052
0.00811188
0.00809551
0.00689653
0.00688096
0.00593084
0.00591606
0.00515186
0.00513782
0.00451502
0.00450168
0.00398812
0.00397542
0.00354749
0.00353539
0.00317545
0.0031639
0.00285858
0.00284754
0.00258656
0.00257599
0.00235137
0.00234124
0.00214669
0.00213697
0.00196749
0.00195814
0.00180973
0.00180073
0.00167013
0.00166146
0.111759
0.10118
0.101158
0.0787037
0.0786955
0.0574222
0.0574341
0.0416727
0.0416624
0.0308076
0.0307937
0.0233648
0.0233474
0.018176
0.0181576
0.0144691
0.0144508
0.0117529
0.0117351
0.00971496
0.00969788
0.00815273
0.00813648
0.00693205
0.0069166
0.00596193
0.00594725
0.00517925
0.0051653
0.0045393
0.00452603
0.00400976
0.00399714
0.00356689
0.00355485
0.00319292
0.00318143
0.00287439
0.00286341
0.00260093
0.00259042
0.00236448
0.00235441
0.0021587
0.00214903
0.00197853
0.00196923
0.00181991
0.00181096
0.00167955
0.00167092
0.111215
0.100739
0.100884
0.0785342
0.0785772
0.0574373
0.0574372
0.0417445
0.0417309
0.0308923
0.0308774
0.0234453
0.0234278
0.0182473
0.0182293
0.014531
0.0145129
0.0118062
0.0117886
0.0097609
0.00974397
0.00819248
0.00817633
0.00696666
0.0069513
0.00599224
0.00597765
0.00520596
0.00519209
0.00456297
0.00454979
0.00403087
0.00401832
0.00358581
0.00357385
0.00320997
0.00319855
0.00288982
0.00287891
0.00261496
0.00260451
0.00237729
0.00236727
0.00217043
0.00216081
0.00198931
0.00198007
0.00182985
0.00182095
0.00168874
0.00168017
0.110713
0.100335
0.100313
0.0784149
0.0784575
0.0574686
0.0574747
0.0418258
0.041816
0.0309852
0.0309706
0.0235316
0.0235151
0.0183238
0.0183059
0.0145968
0.0145789
0.0118628
0.0118453
0.00980952
0.00979275
0.00823453
0.00821849
0.00700319
0.00698794
0.00602421
0.0060097
0.00523411
0.00522034
0.00458792
0.00457482
0.00405311
0.00404063
0.00360574
0.00359385
0.00322792
0.00321657
0.00290607
0.00289521
0.00262973
0.00261933
0.00239077
0.0023808
0.00218278
0.00217321
0.00200066
0.00199146
0.00184031
0.00183146
0.00169842
0.00168989
0.110168
0.0998892
0.100194
0.0782585
0.0783009
0.0574651
0.0574654
0.0418875
0.0418798
0.0310611
0.031048
0.0236068
0.0235895
0.0183907
0.0183731
0.0146553
0.0146375
0.0119133
0.011896
0.0098532
0.00983656
0.0082724
0.00825647
0.00703621
0.00702107
0.00605316
0.00603876
0.00525965
0.00524596
0.00461058
0.00459756
0.00407332
0.00406093
0.00362387
0.00361205
0.00324427
0.00323298
0.00292086
0.00291007
0.00264318
0.00263285
0.00240305
0.00239314
0.00219403
0.00218452
0.00201101
0.00200186
0.00184986
0.00184105
0.00170725
0.00169876
0.109678
0.0994921
0.0996315
0.0781606
0.0782027
0.0575026
0.0574793
0.0419639
0.0419546
0.0311503
0.0311374
0.02369
0.0236739
0.0184652
0.0184476
0.0147196
0.014702
0.0119685
0.0119513
0.00990077
0.00988428
0.00831354
0.00829774
0.00707202
0.00705697
0.00608451
0.00607021
0.00528728
0.00527367
0.00463508
0.00462213
0.00409517
0.00408284
0.00364345
0.0036317
0.00326191
0.00325068
0.00293683
0.0029261
0.0026577
0.00264742
0.0024163
0.00240644
0.00220617
0.0021967
0.00202216
0.00201306
0.00186015
0.00185138
0.00171677
0.00170832
0.109098
0.0993303
0.0996286
0.0779689
0.0779861
0.0574581
0.0574646
0.0420033
0.0419961
0.0312094
0.0311961
0.0237523
0.0237359
0.0185222
0.0185049
0.0147701
0.0147527
0.0120127
0.0119958
0.00993925
0.00992288
0.00834707
0.00833141
0.00710134
0.00708641
0.0061103
0.00609609
0.00531007
0.00529656
0.00465533
0.00464247
0.00411327
0.00410102
0.00365971
0.00364802
0.00327657
0.00326541
0.00295012
0.00293945
0.00266979
0.00265957
0.00242734
0.00241754
0.00221629
0.00220688
0.00203147
0.00202243
0.00186874
0.00186003
0.00172472
0.00171632
0.10861
0.0990854
0.0990647
0.0778612
0.077854
0.0574679
0.0574745
0.0420715
0.0420645
0.0312923
0.0312799
0.0238315
0.0238153
0.0185928
0.0185757
0.0148315
0.0148144
0.0120658
0.0120489
0.00998495
0.00996871
0.00838672
0.00837114
0.00713587
0.00712104
0.00614055
0.00612644
0.00533675
0.00532332
0.004679
0.00466622
0.00413438
0.0041222
0.00367864
0.00366703
0.00329364
0.00328254
0.00296557
0.00295496
0.00268384
0.00267368
0.00244017
0.00243042
0.00222805
0.00221868
0.00204228
0.00203328
0.0018787
0.00187004
0.00173394
0.00172558
0.108169
0.0985683
0.0985478
0.07771
0.0777512
0.0575036
0.0575104
0.042154
0.0421472
0.0313846
0.0313724
0.0239183
0.0239023
0.0186696
0.0186525
0.0148979
0.014881
0.0121229
0.0121061
0.0100342
0.010018
0.00842922
0.00841377
0.00717288
0.00715811
0.00617295
0.00615891
0.0053653
0.00535194
0.00470431
0.00469159
0.00415694
0.00414483
0.00369887
0.00368731
0.00331186
0.00330082
0.00298207
0.00297151
0.00269883
0.00268872
0.00245385
0.00244415
0.00224058
0.00223126
0.0020538
0.00204484
0.00188933
0.0018807
0.00174377
0.00173545
0.107661
0.098452
0.0981252
0.0776015
0.0775707
0.0574981
0.0574992
0.0422059
0.0421975
0.0314558
0.0314451
0.0239878
0.0239718
0.018733
0.0187159
0.0149536
0.0149368
0.0121712
0.0121546
0.0100761
0.01006
0.00846565
0.00845028
0.00720468
0.00719005
0.00620089
0.00618695
0.00538998
0.00537671
0.00472622
0.00471358
0.00417651
0.00416447
0.00371644
0.00370494
0.0033277
0.00331672
0.00299642
0.00298592
0.00271189
0.00270183
0.00246578
0.00245613
0.00225151
0.00224224
0.00206386
0.00205494
0.00189861
0.00189002
0.00175235
0.00174407
0.107162
0.0977301
0.0983171
0.0774706
0.0773929
0.0574869
0.0574881
0.0422643
0.0422562
0.031526
0.0315118
0.0240571
0.0240418
0.0187965
0.0187792
0.0150092
0.0149924
0.0122195
0.0122029
0.0101179
0.010102
0.00850204
0.00848681
0.00723646
0.00722192
0.0062288
0.00621494
0.00541464
0.00540144
0.00474812
0.00473556
0.00419608
0.0041841
0.00373399
0.00372256
0.00334354
0.00333262
0.00301076
0.00300032
0.00272494
0.00271493
0.0024777
0.0024681
0.00226244
0.00225322
0.0020739
0.00206504
0.00190787
0.00189934
0.00176092
0.00175269
0.106769
0.0974109
0.0973912
0.0773177
0.0773346
0.0575394
0.0575523
0.0423502
0.0423458
0.0316245
0.0316117
0.0241485
0.0241334
0.0188758
0.0188598
0.0150782
0.0150616
0.0122786
0.0122623
0.0101688
0.0101531
0.00854612
0.00853095
0.0072748
0.00726033
0.00626236
0.00624858
0.0054442
0.00543108
0.00477433
0.00476183
0.00421944
0.00420752
0.00375494
0.00374357
0.00336241
0.00335154
0.00302785
0.00301745
0.00274047
0.00273051
0.00249187
0.00248231
0.00227542
0.00226624
0.00208584
0.00207701
0.00191888
0.00191038
0.0017711
0.00176291
0.106212
0.0975312
0.0972154
0.0771816
0.0771519
0.0574981
0.0574881
0.0423737
0.0423695
0.0316711
0.0316585
0.0241992
0.0241843
0.0189248
0.018909
0.0151226
0.0151059
0.0123179
0.0123017
0.0102032
0.0101876
0.0085762
0.00856116
0.00730125
0.00728689
0.00628569
0.00627201
0.00546487
0.00545184
0.00479275
0.00478032
0.00423592
0.00422408
0.00376976
0.00375845
0.00337579
0.00336499
0.00303999
0.00302965
0.00275153
0.00274162
0.00250198
0.00249248
0.00228469
0.00227557
0.00209437
0.00208559
0.00192676
0.00191831
0.0017784
0.00177025
0.105767
0.0971542
0.0968424
0.0770289
0.0770457
0.0575011
0.0574913
0.0424378
0.0424303
0.0317466
0.0317355
0.0242751
0.0242593
0.0189923
0.0189762
0.0151812
0.0151649
0.0123688
0.0123526
0.0102473
0.0102318
0.00861454
0.00859958
0.00733471
0.00732043
0.00631507
0.00630146
0.00549081
0.00547785
0.00481577
0.00480342
0.00425648
0.0042447
0.00378821
0.00377697
0.00339243
0.00338169
0.00305506
0.00304478
0.00276524
0.00275539
0.0025145
0.00250505
0.00229617
0.00228709
0.00210492
0.00209619
0.00193649
0.00192808
0.00178741
0.00177929
0.105333
0.0967872
0.0964793
0.0768809
0.0768976
0.0574946
0.0575078
0.0425029
0.0424885
0.0318228
0.0318118
0.0243488
0.0243343
0.0190598
0.0190439
0.0152405
0.0152242
0.01242
0.0124041
0.0102917
0.0102763
0.00865308
0.00863826
0.00736835
0.0073542
0.00634461
0.00633109
0.00551688
0.005504
0.00483894
0.00482666
0.00427716
0.00426545
0.00380677
0.00379559
0.00340917
0.00339848
0.00307022
0.00305999
0.00277903
0.00276923
0.0025271
0.00251769
0.00230771
0.00229868
0.00211554
0.00210685
0.00194629
0.00193792
0.00179647
0.0017884
0.104961
0.0961903
0.095888
0.0767741
0.0768361
0.0575288
0.0575307
0.0425821
0.0425785
0.0319147
0.031904
0.0244363
0.0244214
0.0191364
0.0191215
0.0153071
0.0152911
0.0124775
0.0124617
0.0103413
0.0103259
0.00869601
0.00868128
0.00740575
0.00739162
0.00637735
0.00636391
0.00554578
0.00553296
0.00486456
0.00485234
0.00430002
0.00428836
0.00382727
0.00381614
0.00342764
0.003417
0.00308695
0.00307677
0.00279424
0.00278448
0.00254098
0.00253162
0.00232044
0.00231144
0.00212724
0.00211858
0.00195708
0.00194874
0.00180645
0.00179841
0.104471
0.095773
0.0960362
0.076577
0.0766835
0.0575162
0.0575182
0.0426097
0.0426097
0.0319679
0.0319561
0.024493
0.0244783
0.0191906
0.019175
0.0153552
0.0153392
0.0125198
0.0125042
0.0103783
0.0103631
0.00872839
0.00871378
0.00743415
0.00742014
0.00640241
0.00638904
0.00556796
0.00555521
0.00488431
0.00487216
0.00431768
0.00430609
0.00384315
0.00383208
0.00344198
0.0034314
0.00309996
0.00308982
0.00280608
0.00279637
0.0025518
0.00254249
0.00233036
0.00232141
0.00213638
0.00212776
0.00196551
0.00195722
0.00181426
0.00180626
0.104064
0.0954319
0.0954137
0.0766163
0.0765435
0.0575116
0.057525
0.0426783
0.0426715
0.0320489
0.0320335
0.0245687
0.0245536
0.0192581
0.0192428
0.0154143
0.0153986
0.0125712
0.0125557
0.0104228
0.0104077
0.00876707
0.00875254
0.00746794
0.00745402
0.00643209
0.00641879
0.00559416
0.00558149
0.00490758
0.0048955
0.00433847
0.00432694
0.00386181
0.00385079
0.00345881
0.00344828
0.0031152
0.00310512
0.00281995
0.00281029
0.00256447
0.0025552
0.00234198
0.00233306
0.00214706
0.00213848
0.00197537
0.00196711
0.00182338
0.00181541
0.10365
0.095358
0.0947921
0.0764224
0.0764388
0.0575324
0.0575235
0.0427334
0.0427268
0.0321186
0.0321072
0.0246391
0.0246252
0.0193226
0.0193075
0.0154713
0.0154555
0.0126205
0.0126051
0.0104658
0.0104508
0.00880446
0.00879
0.00750062
0.00748676
0.00646081
0.00644759
0.00561955
0.00560694
0.00493014
0.00491811
0.00435863
0.00434715
0.0038799
0.00386895
0.00347514
0.00346466
0.00313
0.00311996
0.00283342
0.0028238
0.00257677
0.00256754
0.00235325
0.00234438
0.00215743
0.00214889
0.00198494
0.00197672
0.00183223
0.0018243
0.103273
0.0947673
0.0944796
0.0762529
0.0763571
0.057536
0.0575383
0.0428003
0.0427938
0.0322008
0.0321896
0.0247171
0.0247024
0.0193926
0.0193774
0.0155324
0.0155169
0.0126736
0.0126583
0.0105116
0.0104966
0.00884432
0.00882989
0.00753539
0.00752163
0.00649132
0.00647819
0.00564651
0.00563397
0.00495408
0.00494211
0.00438
0.00436858
0.00389909
0.00388818
0.00349244
0.00348201
0.00314568
0.00313569
0.00284768
0.0028381
0.0025898
0.00258061
0.00236519
0.00235636
0.00216841
0.00215991
0.00199507
0.00198688
0.00184161
0.00183371
0.102788
0.0946204
0.0946029
0.0760888
0.0761051
0.0575091
0.0574785
0.0428192
0.042813
0.0322432
0.0322309
0.0247665
0.024753
0.0194402
0.0194254
0.0155759
0.0155604
0.0127123
0.012697
0.0105457
0.0105308
0.00887425
0.00885992
0.00756174
0.00754807
0.00651461
0.00650154
0.00566716
0.0056547
0.0049725
0.0049606
0.0043965
0.00438515
0.00391393
0.00390309
0.00350586
0.00349549
0.00315785
0.00314792
0.00285877
0.00284925
0.00259994
0.0025908
0.0023745
0.00236572
0.00217698
0.00216853
0.00200298
0.00199484
0.00184893
0.00184108
0.10235
0.0945099
0.0942263
0.0759976
0.0760139
0.0574595
0.0574511
0.0428572
0.0428511
0.0322984
0.0322875
0.0248257
0.0248124
0.0194955
0.0194806
0.0156252
0.0156099
0.0127556
0.0127405
0.0105836
0.0105688
0.00890738
0.0088932
0.00759083
0.00757726
0.00654025
0.00652729
0.00568989
0.0056775
0.00499273
0.0049809
0.0044146
0.00440331
0.00393021
0.00391942
0.00352056
0.00351024
0.00317118
0.0031613
0.00287091
0.00286144
0.00261104
0.00260194
0.00238468
0.00237594
0.00218635
0.00217793
0.00201163
0.00200352
0.00185694
0.00184912
0.101975
0.0936629
0.0941705
0.0759062
0.0759224
0.0574747
0.0574774
0.0429149
0.042909
0.032371
0.0323628
0.0248978
0.0248857
0.0195615
0.0195465
0.015683
0.0156678
0.0128059
0.0127908
0.0106272
0.0106127
0.00894539
0.00893128
0.00762408
0.00761057
0.00656948
0.00655658
0.00571572
0.00570339
0.00501569
0.00500392
0.00443512
0.00442389
0.00394863
0.0039379
0.00353719
0.00352691
0.00318625
0.00317641
0.00288463
0.00287519
0.00262357
0.00261451
0.00239617
0.00238746
0.00219691
0.00218854
0.00202138
0.00201331
0.00186596
0.00185818
0.101646
0.0933888
0.093372
0.0758032
0.0757768
0.0575123
0.0575042
0.0429892
0.04298
0.0324585
0.0324492
0.02498
0.024967
0.0196341
0.0196197
0.0157466
0.0157316
0.0128611
0.0128462
0.010675
0.0106605
0.00898687
0.00897287
0.00766027
0.00764685
0.00660125
0.00658842
0.00574377
0.00573151
0.00504061
0.00502889
0.00445737
0.00444618
0.00396861
0.00395792
0.0035552
0.00354497
0.00320257
0.00319277
0.00289947
0.00289008
0.00263713
0.00262811
0.00240859
0.00239992
0.00220834
0.0022
0.00203193
0.00202388
0.00187572
0.00186797
0.101183
0.0929905
0.0937443
0.0755548
0.075655
0.0574376
0.057462
0.0430067
0.0430045
0.0324992
0.0324876
0.0250255
0.0250132
0.0196799
0.0196654
0.0157885
0.0157735
0.0128982
0.0128835
0.0107078
0.0106934
0.00901577
0.00900186
0.0076858
0.00767244
0.00662383
0.00661107
0.00576383
0.00575164
0.0050585
0.00504686
0.00447341
0.00446229
0.00398305
0.00397242
0.00356826
0.00355809
0.00321443
0.00320468
0.00291028
0.00290094
0.00264701
0.00263804
0.00241767
0.00240904
0.0022167
0.0022084
0.00203964
0.00203164
0.00188287
0.00187515
0.100796
0.0931673
0.0928969
0.0754857
0.0755016
0.0574452
0.0574696
0.0430496
0.0430442
0.0325616
0.0325514
0.0250899
0.0250777
0.019739
0.0197245
0.0158407
0.0158262
0.0129442
0.0129294
0.0107478
0.0107335
0.00905074
0.00903693
0.00771648
0.0077032
0.00665085
0.00663814
0.00578775
0.00577562
0.0050798
0.00506822
0.00449246
0.00448139
0.00400017
0.0039896
0.00358372
0.0035736
0.00322845
0.00321875
0.00292305
0.00291375
0.00265868
0.00264975
0.00242837
0.00241979
0.00222655
0.00221829
0.00204874
0.00204077
0.00189129
0.0018836
0.100394
0.092818
0.0928017
0.0753604
0.0753763
0.0574408
0.0574118
0.0430834
0.0430747
0.0326157
0.0326032
0.0251477
0.0251352
0.0197932
0.019779
0.0158893
0.015875
0.012987
0.0129727
0.0107856
0.0107714
0.0090838
0.00907005
0.00774549
0.00773231
0.00667646
0.00666384
0.00581046
0.0057984
0.00510002
0.0050885
0.00451056
0.00449956
0.00401646
0.00400593
0.00359843
0.00358835
0.0032418
0.00323214
0.00293521
0.00292595
0.0026698
0.00266091
0.00243857
0.00243002
0.00223594
0.00222771
0.0020574
0.00204947
0.00189931
0.00189166
0.100045
0.0922694
0.0925013
0.0753127
0.0752462
0.0574207
0.0574238
0.0431369
0.0431352
0.0326846
0.032676
0.025218
0.0252046
0.0198564
0.0198424
0.0159456
0.015931
0.0130361
0.0130217
0.0108282
0.0108141
0.00912102
0.00910739
0.00777811
0.007765
0.00670516
0.00669262
0.00583585
0.00582385
0.00512262
0.00511115
0.00453077
0.00451981
0.00403461
0.00402413
0.00361482
0.00360479
0.00325665
0.00324704
0.00294873
0.00293951
0.00268216
0.0026733
0.0024499
0.00244139
0.00224637
0.00223817
0.00206703
0.00205913
0.00190822
0.0019006
0.0997158
0.0924809
0.0914865
0.075031
0.075169
0.0574192
0.0574755
0.0432028
0.0431944
0.0327602
0.0327505
0.0252905
0.0252768
0.0199219
0.0199092
0.0160039
0.0159895
0.0130869
0.0130724
0.0108723
0.0108583
0.00915951
0.00914586
0.00781172
0.00779871
0.00673475
0.00672227
0.00586202
0.00585008
0.00514589
0.00513448
0.00455157
0.00454066
0.0040533
0.00404287
0.00363169
0.0036217
0.00327195
0.00326238
0.00296265
0.00295347
0.00269488
0.00268606
0.00246157
0.00245309
0.0022571
0.00224893
0.00207693
0.00206906
0.00191739
0.0019098
0.0992856
0.0923458
0.0913581
0.0749158
0.0751341
0.0573879
0.0574017
0.0432219
0.0432069
0.0327978
0.0327883
0.025334
0.0253235
0.0199667
0.0199527
0.0160448
0.0160305
0.0131236
0.013109
0.0109047
0.0108908
0.00918799
0.00917451
0.00783698
0.00782398
0.00675708
0.0067447
0.00588187
0.00587003
0.00516363
0.00515227
0.00456747
0.00455663
0.00406762
0.00405725
0.00364464
0.00363471
0.00328371
0.00327419
0.00297338
0.00296425
0.0027047
0.00269592
0.00247058
0.00246215
0.0022654
0.00225728
0.0020846
0.00207677
0.00192449
0.00191694
0.0988432
0.0921944
0.0916935
0.0747874
0.0747628
0.0573457
0.0573386
0.0432191
0.0432244
0.0328313
0.0328195
0.0253755
0.0253631
0.0200071
0.0199937
0.0160823
0.0160683
0.0131572
0.0131433
0.0109349
0.0109211
0.00921477
0.00920126
0.00786059
0.00784775
0.00677809
0.00676574
0.00590056
0.00588878
0.00518033
0.00516904
0.00458248
0.00457169
0.00408115
0.00407083
0.00365689
0.00364701
0.00329485
0.00328537
0.00298353
0.00297445
0.00271399
0.00270526
0.00247912
0.00247072
0.00227326
0.00226518
0.00209186
0.00208407
0.00193122
0.0019237
0.0985502
0.0912174
0.0916795
0.0745296
0.0748237
0.0573242
0.0573589
0.0432855
0.0432776
0.0329047
0.0328955
0.0254505
0.0254382
0.0200758
0.0200635
0.0161432
0.0161289
0.0132102
0.0131961
0.0109807
0.0109669
0.00925474
0.00924139
0.0078956
0.0078828
0.00680887
0.00679657
0.00592781
0.00591605
0.00520453
0.00519329
0.00460411
0.00459337
0.00410059
0.0040903
0.00367443
0.00366459
0.00331074
0.00330131
0.002998
0.00298895
0.00272721
0.00271851
0.00249124
0.00248288
0.00228441
0.00227636
0.00210216
0.00209439
0.00194075
0.00193326
0.0981635
0.0911146
0.0915738
0.0744374
0.0744922
0.0573285
0.0573009
0.0433147
0.0433136
0.0329521
0.0329406
0.0255027
0.0254906
0.0201246
0.020112
0.0161872
0.016174
0.0132499
0.0132359
0.0110157
0.011002
0.00928544
0.00927221
0.00792265
0.0079099
0.00683277
0.00682057
0.00594905
0.00593736
0.00522348
0.00521231
0.0046211
0.00461042
0.00411589
0.00410566
0.00368827
0.00367847
0.0033233
0.00331391
0.00300946
0.00300044
0.00273769
0.00272903
0.00250086
0.00249253
0.00229327
0.00228525
0.00211034
0.00210261
0.00194832
0.00194087
0.0979876
0.0898145
0.0907206
0.0745802
0.0744778
0.0574113
0.0574252
0.043421
0.0434201
0.0330683
0.0330569
0.0256072
0.0255962
0.020216
0.020203
0.0162661
0.016252
0.013317
0.0133033
0.0110736
0.01106
0.0093355
0.00932233
0.0079663
0.0079536
0.00687102
0.00685885
0.00598276
0.00597111
0.00525341
0.00524227
0.00464779
0.00463713
0.00413982
0.00412962
0.00370984
0.00370007
0.00334284
0.00333347
0.00302722
0.00301823
0.0027539
0.00274527
0.00251572
0.00250741
0.00230694
0.00229894
0.00212294
0.00211523
0.00195999
0.00195255
0.0974702
0.0905058
0.090955
0.074303
0.0742017
0.057291
0.0573049
0.0433801
0.0433859
0.0330622
0.0330608
0.0256197
0.0256078
0.0202351
0.0202222
0.0162865
0.0162728
0.0133372
0.013323
0.0110922
0.0110787
0.00935255
0.00933951
0.0079817
0.00796912
0.00688489
0.00687281
0.00599527
0.00598373
0.0052647
0.00525362
0.004658
0.00464741
0.00414909
0.00413895
0.00371827
0.00370856
0.00335054
0.00334123
0.00303426
0.00302533
0.00276037
0.00275179
0.00252167
0.00251342
0.00231243
0.00230448
0.00212803
0.00212037
0.00196471
0.00195731
