0.889902
0.0359822
0.0328
0.00969454
0.00794717
0.00451254
0.00332016
0.00264014
0.00173185
0.00175093
0.00101253
0.00125658
0.000629135
0.000951991
0.000400376
0.000750197
0.000250317
0.000609105
0.000139863
0.000506263
1.08396e-011
0.000428777
0
0.000368801
0
0.000321329
0
0.000283039
0
0.000251654
0
0.000225569
0
0.000203625
0
0.000184967
0
0.000168951
0
0.000155089
0
0.000142998
0
0.000132381
0
0.000122999
0
0.000114663
0
0.000107218
0
0.803941
0.0611603
0.0586102
0.0166053
0.0150795
0.00763455
0.00658111
0.00440533
0.00360415
0.00288332
0.002237
0.00204423
0.00150207
0.00153155
0.00106395
0.00119465
0.000782871
0.000960939
0.000592354
0.000791852
0.000457544
0.000665358
0.000358768
0.000568109
0.000284245
0.000491628
0.000226567
0.000430316
0.000180873
0.000380353
0.000143837
0.000339057
0.000113076
0.0003045
8.67465e-005
0.000275264
6.31781e-005
0.00025029
4.00955e-005
0.000228772
0
0.000210087
0
0.000193747
0
0.000179368
0
0.000166639
0
0.000155313
0
0.736073
0.080344
0.0782693
0.0222381
0.0208833
0.0102094
0.00925924
0.00586502
0.00513907
0.00381947
0.00323322
0.00269435
0.00220287
0.0020088
0.00158561
0.00155964
0.0011879
0.00124898
0.000917321
0.0010249
0.000725296
0.000857757
0.000584341
0.000729629
0.000477975
0.000629148
0.000395833
0.000548817
0.000331139
0.00048353
0.000279316
0.000429709
0.00023718
0.000384784
0.000202463
0.00034687
0.000173512
0.00031456
0.000149103
0.000286785
0.000128306
0.000262721
0.000110407
0.000241723
9.48463e-005
0.000223284
8.11745e-005
0.000206995
6.90215e-005
0.000192529
5.80685e-005
0.681342
0.0953468
0.0936393
0.0269679
0.0257511
0.0124017
0.0115343
0.00711358
0.00644731
0.00462162
0.00408241
0.00325171
0.00279932
0.00241792
0.00202838
0.00187238
0.00153033
0.00149562
0.00119067
0.00122426
0.000949074
0.00102218
0.000771362
0.000867505
0.000637001
0.000746392
0.000533064
0.000649715
0.000451089
0.000571262
0.000385351
0.000506682
0.000331868
0.000452854
0.0002878
0.000407493
0.00025108
0.00036889
0.000220173
0.000335751
0.000193924
0.000307078
0.000171446
0.000282092
0.000152051
0.000260178
0.0001352
0.000240845
0.000120463
0.000223696
0.000107495
0.636106
0.107291
0.105874
0.031022
0.0299194
0.0143088
0.0135099
0.00820537
0.00758828
0.00532469
0.00482406
0.00374079
0.00332028
0.00277712
0.00241484
0.00214701
0.00182886
0.00171219
0.00142858
0.0013993
0.00114344
0.00116649
0.000933397
0.000988471
0.000774374
0.00084921
0.0006512
0.000738152
0.000553932
0.000648115
0.000475841
0.000574069
0.00041224
0.000512409
0.000359784
0.000460495
0.000316038
0.000416357
0.000279194
0.0003785
0.000247886
0.000345774
0.000221069
0.000317281
0.000197932
0.000292312
0.000177836
0.000270303
0.000160276
0.000250798
0.000144845
0.598024
0.116938
0.115753
0.0345549
0.0335488
0.0159963
0.0152554
0.00917687
0.00860122
0.00595192
0.00548371
0.00417771
0.00378392
0.00309827
0.00275878
0.00239267
0.00209443
0.00190597
0.00164007
0.00155593
0.00131606
0.00129563
0.00107713
0.00109671
0.000896063
0.000941202
0.000755682
0.000817265
0.000644726
0.00071685
0.000555568
0.000634323
0.00048289
0.000565646
0.000422901
0.00050786
0.000372834
0.000458761
0.000330635
0.000416676
0.000294753
0.000380317
0.000263999
0.000348681
0.00023745
0.000320975
0.000214381
0.000296568
0.000194215
0.00027495
0.000176489
0.565482
0.124818
0.123823
0.0376755
0.0367519
0.0175106
0.0168192
0.0100536
0.00951339
0.00651948
0.00607898
0.00457367
0.00420268
0.00338959
0.00306951
0.00261564
0.00233433
0.00208192
0.00183106
0.00169818
0.00147185
0.00141294
0.00120677
0.00119505
0.00100574
0.00102478
0.000849763
0.000889142
0.000726399
0.000779298
0.000627203
0.000689063
0.000546292
0.000614005
0.000479464
0.000550881
0.000423655
0.000497271
0.000376589
0.000451341
0.000336545
0.000411678
0.000302205
0.000377184
0.000272545
0.000346988
0.00024676
0.0003204
0.000224209
0.000296861
0.000204379
0.537581
0.131378
0.130539
0.0404822
0.0396298
0.0188939
0.0182454
0.0108591
0.0103495
0.00704243
0.00662574
0.00493909
0.00458766
0.00365871
0.00335526
0.00282177
0.00255494
0.00224466
0.00200665
0.00182982
0.00161504
0.00152153
0.00132587
0.0012861
0.00110643
0.00110218
0.000936085
0.000955713
0.000801281
0.000837142
0.00069283
0.000739772
0.000604325
0.000658808
0.000531189
0.000590741
0.000470082
0.000532953
0.000418523
1.34004e-008
0.000374637
0.000440899
0.000336985
0.000403727
0.00030445
0.000371203
0.000276154
0.000342575
0.000251396
0.000317241
0.000229617
0.512686
0.136709
0.136
0.0429749
0.0421858
0.0201437
0.0195334
0.0115913
0.0111089
0.00751916
0.00712371
0.00527274
0.00493876
0.00390466
0.00361603
0.00301027
0.00275635
0.00239355
0.00216697
0.00195028
0.00174578
0.00162192
0.0014346
0.00137012
0.00119834
0.0011735
0.00101485
0.001017
0.00086959
0.000890343
0.000752674
0.000786377
0.000657222
0.000699959
0.000578314
0.000627332
0.000512359
0.000565693
0.000456688
0.00051292
0.000409284
0.00046738
0.000368599
0.0004278
0.00033343
0.000393176
0.000302832
0.000362708
0.000276052
0.000335751
0.000252485
6.18879e-011
0.277542
0.276242
0.0888094
0.0874693
0.0418135
0.0407242
0.0240968
0.023217
0.0156392
0.0149102
0.0109679
0.0103485
0.00812121
0.00758396
0.00625959
0.00578581
0.00497575
0.00455232
0.00405296
0.00367035
0.00336733
0.00301844
0.00284389
0.0025233
0.00243512
0.0021386
0.00210972
0.00183393
0.0018464
0.00158863
0.00163026
0.0013883
0.00145063
0.00122263
0.00129967
0.00108412
0.00117157
0.000967163
0.00106192
0.000867545
0.000967305
0.000782021
0.000885089
0.000708071
0.000813182
0.000643712
0.000749916
0.000587368
0.000693952
0.000537771
0.377218
0.160682
0.162763
0.0595656
0.0596049
0.0291769
0.0288789
0.0170619
0.01673
0.0111447
0.0108349
0.00783928
0.00756009
0.00581236
0.00556188
0.00448195
0.0042563
0.00356238
0.0033578
0.00290051
0.000650394
0.00240834
0.000538536
0.00203242
0.00080584
0.00173879
8.5014e-005
0.00150506
0.000591343
0.00131594
0.000157438
0.00116073
0.000255688
0.00103178
5.23849e-005
0.000923457
0.000202181
0.000831574
0.000181511
0.000752953
0.000163853
0.000685151
0.000148649
0.000626262
0.000135466
0.000574782
0.000214159
0.000529514
0.00011386
0.000489492
0.000104945
0.332663
0.162111
0.163457
0.0643072
0.0642665
0.0321572
0.0318567
0.0189551
0.0186332
0.0124261
0.0121284
0.00875625
0.00848883
0.00649807
0.0062585
0.00501278
0.00479714
0.00398486
0.00378945
0.00324438
0.00306608
0.00269347
0.00252971
0.00227255
0.00212127
0.00194371
0.00180321
0.00168192
0.00155082
0.00147009
0.00134724
0.00129626
0.0011807
0.00115184
0.00104277
0.00103054
0.000927274
0.000927656
0.000829619
0.000839637
0.000230517
0.000763741
0.000209145
0.000697833
0.000294682
0.000640228
0.000269715
0.000589583
0.000248419
0.000544815
1.32827e-005
0.304642
0.162238
0.163273
0.0679154
0.0678644
0.0345777
0.0342935
0.0205298
0.0202241
0.0135044
0.0132205
0.00953284
0.00927718
0.00708112
0.00685171
0.00546537
0.00525864
0.00434574
0.00415825
0.00353853
0.00336736
0.00293764
0.00278037
0.00247836
0.00233302
0.00211946
0.00198445
0.0018337
0.00170769
0.00160245
0.00148436
0.00141268
0.00130158
0.00125501
0.00115015
0.00112258
0.0010233
0.00101027
0.000916006
0.000914187
0.000824469
0.000831347
0.000745757
0.000759415
0.000677591
0.000696552
0.000618177
0.00064129
0.000566085
0.000592447
0.000520165
0.28407
0.161582
0.162437
0.0707959
0.0707512
0.0366394
0.0363747
0.0219024
0.0216133
0.0144546
0.0141841
0.0102214
0.00997677
0.00760004
0.00737994
0.00586916
0.00567049
0.00466826
0.00448788
0.00380175
0.00363693
0.00315633
0.0030048
0.00266282
0.00252273
0.00227708
0.00214689
0.00196988
0.00184834
0.00172125
0.00160732
0.0015172
0.00141001
0.00134766
0.00124647
0.00120526
0.00110944
0.00108449
0.000993512
0.000981183
0.000894581
0.000892112
0.000809491
0.000814774
0.000735786
0.00074719
0.00067153
0.000687782
0.000615182
0.000635278
0.000565501
0.267638
0.160326
0.161059
0.0730976
0.0730641
0.0384103
0.0381654
0.0231107
0.0228378
0.0153008
0.015043
0.0108385
0.0106042
0.00806685
0.00785548
0.00623332
0.00604216
0.00495964
0.00478584
0.00403983
0.00388088
0.00335433
0.00320809
0.00282995
0.00269468
0.00241996
0.0022942
0.00209337
0.00197594
0.00182903
0.00171891
0.00161205
0.00150842
0.00143176
0.00133392
0.00128032
0.00118767
0.00115189
0.0010639
0.00104202
0.000958264
0.000947296
0.000867386
0.000865053
0.000788654
0.000793185
0.000720002
0.000730014
0.000659789
0.000674187
0.000606692
0.254038
0.158737
0.159381
0.0749791
0.0749581
0.0399655
0.0397395
0.0241973
0.0239395
0.0160702
0.0158244
0.011403
0.0111784
0.00849549
0.00829223
0.00656852
0.00638431
0.00522829
0.00506058
0.00425962
0.00410608
0.00353727
0.00339591
0.00298448
0.00285364
0.00255214
0.00243045
0.00220767
0.002094
0.00192881
0.00182219
0.00169989
0.00159953
0.00150966
0.00141489
0.00134986
0.00126011
0.00121434
0.0011291
0.0010984
0.00101725
0.000998447
0.000921014
0.000911662
0.000837627
0.000835827
0.000764906
0.000769171
0.000701113
0.000710266
0.000644852
0.242499
0.156964
0.157539
0.0765385
0.0765295
0.0413507
0.0411424
0.0251878
0.0249442
0.0167792
0.0165445
0.0119263
0.0117108
0.00889433
0.00869857
0.00688116
0.00670337
0.00547928
0.00531718
0.0044652
0.00431664
0.00370854
0.00357166
0.00312924
0.00300248
0.00267603
0.00255808
0.00231485
0.00220463
0.0020224
0.001919
0.0017823
0.00168495
0.00158277
0.00149082
0.00141514
0.00132804
0.00127297
0.00119024
0.00115135
0.00107258
0.00104649
0.000971322
0.000955441
0.00088357
0.000875884
0.000807032
0.000805957
0.000739883
0.000744163
0.000680653
0.232527
0.155093
0.155613
0.0778423
0.0778446
0.0425971
0.0424051
0.0260995
0.0258691
0.0174388
0.0172145
0.012416
0.0122088
0.00926886
0.00908007
0.00717544
0.0070036
0.00571591
0.005559
0.00465925
0.00451529
0.00387034
0.00373761
0.0032661
0.0031431
0.00279322
0.00267872
0.00241628
0.00230924
0.00211101
0.00201057
0.00186035
0.00176576
0.00165201
0.00156266
0.00147699
0.00139233
0.00132853
0.00124811
0.00120152
0.00112495
0.00109202
0.00101894
0.000996939
0.000927057
0.000913857
0.000846907
0.000840833
0.000776581
0.000776303
0.000714542
0.223784
0.153179
0.153654
0.078938
0.0789504
0.0437266
0.0435497
0.0269445
0.0267265
0.0180566
0.017842
0.0128774
0.012678
0.00962297
0.00944065
0.00745431
0.00728801
0.00594051
0.00578842
0.00484365
0.00470397
0.00402424
0.00389534
0.00339635
0.00327684
0.00290481
0.0027935
0.0025129
0.00240881
0.00219544
0.00209774
0.00193474
0.00184271
0.00171804
0.00163108
0.00153597
0.00145357
0.00138152
0.00130324
0.00124939
0.00117484
0.00113546
0.00106431
0.00103654
0.000968491
0.000950097
0.000884901
0.00087412
0.000811548
0.000806982
0.000746832
0.216028
0.151257
0.151693
0.0798614
0.0798828
0.0447562
0.0445932
0.0277322
0.0275256
0.0186384
0.0184328
0.0133143
0.0131222
0.00995953
0.00978325
0.00771997
0.00755882
0.00615481
0.00600721
0.00501979
0.00488408
0.00417137
0.00404603
0.00352096
0.00340469
0.00301162
0.00290328
0.00260542
0.00250406
0.00227633
0.00218116
0.00200603
0.00191636
0.00178132
0.00169658
0.00159251
0.0015122
0.00143233
0.00135603
0.00129529
0.00122261
0.00117712
0.00110775
0.00107452
0.00100817
0.000984862
0.000921291
0.000906056
0.000845039
0.000836417
0.00077776
0.199892
0.14654
0.146902
0.0815827
0.0816224
0.0469718
0.046839
0.0294931
0.0293118
0.0199623
0.0197767
0.0143182
0.0141423
0.0107374
0.0105746
0.00833636
0.00818669
0.00665339
0.00651578
0.0054304
0.00530353
0.00451485
0.00439744
0.00381221
0.00370311
0.00326149
0.00315972
0.00282201
0.00272672
0.00246579
0.00237624
0.00217309
0.00208867
0.00192968
0.00184986
0.00172511
0.00164943
0.00155154
0.0014796
0.001403
0.00133447
0.00127492
0.00120949
0.0011637
0.0011011
0.0010665
0.00100651
0.000981059
0.000923475
0.000905558
0.000850195
0.187093
0.142068
0.142377
0.0826854
0.0827382
0.0487825
0.0486745
0.0310144
0.0308545
0.021135
0.0209667
0.0152199
0.015058
0.011442
0.0112907
0.00889782
0.008758
0.0071093
0.00698025
0.00580692
0.00568761
0.00483047
0.00471983
0.00408026
0.0039773
0.00349176
0.0033956
0.00302182
0.00293169
0.00264071
0.00255595
0.00232743
0.00224748
0.00206684
0.00199119
0.00184776
0.00177601
0.00166184
0.00159361
0.00150271
0.0014377
0.00136548
0.00130339
0.00124629
0.00118689
0.00114213
0.00108519
0.00105057
0.000995895
0.000969647
0.000917076
0.176604
0.137894
0.138161
0.083354
0.083416
0.0502814
0.050194
0.032346
0.0322045
0.0221874
0.022034
0.0160402
0.0158903
0.0120883
0.0119471
0.00941566
0.00928441
0.00753138
0.00740978
0.00615646
0.00604373
0.00512409
0.00501933
0.00433001
0.00423237
0.00370658
0.00361527
0.00320841
0.00312275
0.00280419
0.00272357
0.00247179
0.00239569
0.00219518
0.00212316
0.00196259
0.00189424
0.00176515
0.00170014
0.00159614
0.00153416
0.00145036
0.00139116
0.00132374
0.00126708
0.00121306
0.00115874
0.00111577
0.00106361
0.00102978
0.000979615
0.167796
0.13402
0.134255
0.083709
0.0837773
0.0515326
0.0514622
0.0335226
0.033397
0.0231405
0.0230001
0.0167931
0.0166539
0.0126863
0.0125541
0.00989746
0.00977378
0.00792557
0.00781053
0.00648379
0.00637684
0.0053996
0.00530002
0.00456474
0.00447178
0.00390872
0.00382168
0.00338416
0.00330242
0.0029583
0.00288132
0.00260796
0.00253525
0.00231632
0.00224747
0.00207102
0.00200565
0.00186275
0.00180055
0.00168443
0.00162512
0.0015306
0.00147392
0.00139697
0.00134271
0.00128015
0.00122813
0.00117745
0.00112749
0.00108668
0.00103862
0.16026
0.130432
0.130641
0.0838332
0.0839059
0.0525831
0.0525271
0.0345698
0.034458
0.0240097
0.0238808
0.0174889
0.0173592
0.0132436
0.0131193
0.0103488
0.0102318
0.00829619
0.00818699
0.00679238
0.00669058
0.00565986
0.00556488
0.00478681
0.00469801
0.00410019
0.00401695
0.0035508
0.00347255
0.00310454
0.00303079
0.00273726
0.00266755
0.00243142
0.00236537
0.00217409
0.00211135
0.00195556
0.00189584
0.00176842
0.00171146
0.00160695
0.00155251
0.00146667
0.00141454
0.00134402
0.00129403
0.00123619
0.00118816
0.00114087
0.00109467
0.153714
0.127105
0.127294
0.0837852
0.0838606
0.0534682
0.0534242
0.0355069
0.0354072
0.0248068
0.0246881
0.0181354
0.0180142
0.0137656
0.0136483
0.0107738
0.0106629
0.00864646
0.00854252
0.0070848
0.00698763
0.00590698
0.00581613
0.00499799
0.00491291
0.0042825
0.00420265
0.00370961
0.00363448
0.00324402
0.00317315
0.00286066
0.00279364
0.00254132
0.00247778
0.00227255
0.00221218
0.00204426
0.00198677
0.00184872
0.00179386
0.00167997
0.00162753
0.00153334
0.00148312
0.00140514
0.00135696
0.0012924
0.00124611
0.00119274
0.0011482
0.147958
0.124018
0.124189
0.0836077
0.0836846
0.0542153
0.0541816
0.0363493
0.0362602
0.0255409
0.0254315
0.0187387
0.0186252
0.0142566
0.0141458
0.0111756
0.0110702
0.00897888
0.0088797
0.00736305
0.00727007
0.00614258
0.00605547
0.00519964
0.00511794
0.00445678
0.00438
0.00386158
0.00378927
0.0033776
0.00330933
0.00297891
0.00291431
0.00264669
0.00258542
0.00236701
0.00230876
0.00212938
0.00207389
0.0019258
0.00187284
0.00175009
0.00169944
0.00159739
0.00154887
0.00146386
0.00141731
0.00134642
0.00130169
0.0012426
0.00119956
0.142843
0.121146
0.121302
0.0833322
0.0834098
0.0548461
0.0548211
0.0371092
0.0370296
0.0262197
0.0261186
0.0193039
0.0191973
0.0147201
0.0146152
0.011557
0.0114566
0.00929548
0.00920063
0.00762874
0.00753958
0.006368
0.00628429
0.00539285
0.00531422
0.00462397
0.00454999
0.0040075
0.00393776
0.00350595
0.00344006
0.00309262
0.00303022
0.00274807
0.00268886
0.00245792
0.00240161
0.00221134
0.00215767
0.00200005
0.00194881
0.00181764
0.00176863
0.00165911
0.00161214
0.00152045
0.00147539
0.0013985
0.00135519
0.00129068
0.00124899
0.138258
0.11847
0.118612
0.082982
0.0830599
0.0553779
0.0553604
0.0377967
0.0377256
0.0268492
0.0267555
0.0198347
0.0197345
0.015159
0.0150594
0.0119199
0.0118241
0.00959786
0.00950698
0.00788316
0.0077975
0.00658426
0.00650367
0.0055785
0.00550268
0.0047848
0.00471338
0.004148
0.00408061
0.00362964
0.00356592
0.00320226
0.00314188
0.00284588
0.00278854
0.00254567
0.00249112
0.00229047
0.00223847
0.00207176
0.00202209
0.00188291
0.00183539
0.00171875
0.00167321
0.00157516
0.00153145
0.00144886
0.00140683
0.00133717
0.00129672
0.134118
0.115969
0.116099
0.0825757
0.0826531
0.0558252
0.0558141
0.0384204
0.0383567
0.0274345
0.0273476
0.0203347
0.0202403
0.0155756
0.0154809
0.0122662
0.0121746
0.00988739
0.00980018
0.00812741
0.00804497
0.00679228
0.00671456
0.00575733
0.0056841
0.00493991
0.00487084
0.00428363
0.0042184
0.00374913
0.00368739
0.00330824
0.00324971
0.00294047
0.00288486
0.00263057
0.00257764
0.00236707
0.00231659
0.0021412
0.00209297
0.00194613
0.00189997
0.00177654
0.00173229
0.00162818
0.0015857
0.00149766
0.00145682
0.00138224
0.00134292
0.244965
0.157594
0.15774
0.076249
0.076151
0.041023
0.0408605
0.0249275
0.0247652
0.0165782
0.0164301
0.0117682
0.0116358
0.00876687
0.00864838
0.00677598
0.00666937
0.00539072
0.00529412
0.00438935
0.00430121
0.00364263
0.00356168
0.00307125
0.00299647
0.00262446
0.00255502
0.00226858
0.00220379
0.00198056
0.00191985
0.00174419
0.00168709
0.00154784
0.00149396
0.00138297
0.00133197
0.00124319
0.00119478
0.00112365
0.00107759
0.00102064
0.0009767
0.000931229
0.000889236
0.000853132
0.00081292
0.000784515
0.00074594
0.000723903
0.000686837
0.232801
0.155335
0.155476
0.0778438
0.0777662
0.0425369
0.0423918
0.0260322
0.0258828
0.0173764
0.0172384
0.0123605
0.0122361
0.00921973
0.0091079
0.00713174
0.00703084
0.00567676
0.00558516
0.00462391
0.00454021
0.00383821
0.00376127
0.00323669
0.00316555
0.00276613
0.00270003
0.0023912
0.00232949
0.00208769
0.00202984
0.00183856
0.00178414
0.00163158
0.00158022
0.00145777
0.00140913
0.00131039
0.00126422
0.00118435
0.00114041
0.00107572
0.0010338
0.000981438
0.000941373
0.000899081
0.000860713
0.000826721
0.000789911
0.000762801
0.00072743
0.222339
0.153
0.153136
0.0791484
0.0790876
0.0438929
0.0437627
0.0270488
0.0269107
0.0181204
0.017991
0.0129163
0.0127989
0.0096465
0.00954053
0.00746794
0.00737205
0.0059476
0.00586038
0.00484632
0.00476652
0.00402387
0.00395042
0.00339386
0.0033259
0.00290081
0.00283763
0.00250783
0.00244882
0.00218963
0.00213429
0.00192839
0.00187632
0.00171132
0.00166216
0.00152901
0.00148245
0.00137441
0.0013302
0.00124218
0.0012001
0.00112822
0.00108807
0.0010293
0.000990921
0.00094289
0.000906132
0.000866966
0.000831699
0.000799897
0.000766006
0.213216
0.15065
0.15078
0.0802156
0.0801687
0.0451136
0.0449965
0.027989
0.0278609
0.018817
0.0186954
0.0134404
0.0133293
0.0100506
0.00994986
0.00778718
0.00769575
0.00620528
0.00612195
0.00505822
0.00498187
0.00420094
0.0041306
0.00354388
0.00347875
0.00302944
0.00296885
0.00261929
0.00256267
0.00228709
0.00223397
0.00201431
0.00196431
0.00178761
0.00174039
0.00159718
0.00155246
0.00143569
0.00139321
0.00129756
0.00125712
0.00117849
0.00113991
0.00107514
0.00103825
0.000984853
0.000949519
0.000905522
0.000871618
0.00083544
0.000802857
0.205171
0.148321
0.148445
0.0810866
0.0810513
0.0462172
0.0461116
0.0288622
0.0287431
0.0194721
0.0193575
0.0139366
0.0138311
0.0104348
0.0103388
0.00809155
0.00800411
0.00645142
0.00637158
0.00526091
0.00518766
0.00437049
0.00430293
0.00368764
0.00362504
0.0031528
0.00309452
0.00272622
0.00267174
0.00238063
0.0023295
0.0020968
0.00204866
0.00186088
0.0018154
0.00166268
0.00161959
0.00149458
0.00145364
0.00135078
0.0013118
0.00122682
0.00118963
0.00111921
0.00108365
0.0010252
0.00099114
0.000942601
0.000909913
0.000869627
0.00083821
0.198006
0.146039
0.146158
0.0817932
0.0817678
0.047218
0.0471226
0.0296759
0.0295649
0.0200901
0.0199819
0.014408
0.0143075
0.0108013
0.0107095
0.00838264
0.00829882
0.00668728
0.00661059
0.0054554
0.00538494
0.00453335
0.0044683
0.00382584
0.00376552
0.00327145
0.00321526
0.00282913
0.00277657
0.0024707
0.00242136
0.00217626
0.00212978
0.00193147
0.00188756
0.0017258
0.00168418
0.00155133
0.0015118
0.00140208
0.00136443
0.00127341
0.00123748
0.00116171
0.00112735
0.00106412
0.0010312
0.000978369
0.000946774
0.000902609
0.00087224
0.191572
0.143814
0.143928
0.0823621
0.082345
0.0481286
0.0480423
0.0304365
0.0303328
0.020675
0.0205724
0.014857
0.0147612
0.0111519
0.0110639
0.00866186
0.00858134
0.00691395
0.00684013
0.00564258
0.00557465
0.00469023
0.00462747
0.00395909
0.00390083
0.00338591
0.00333161
0.00292846
0.00287765
0.00255766
0.00250995
0.002253
0.00220804
0.00199968
0.00195718
0.0017868
0.00174652
0.0016062
0.00156792
0.00145169
0.00141523
0.00131847
0.00128367
0.00120282
0.00116954
0.00110177
0.00106988
0.00101297
0.000982366
0.000934519
0.000905099
0.185754
0.141656
0.141765
0.0828142
0.082804
0.0489589
0.0488807
0.0311493
0.0310521
0.0212297
0.0211324
0.0152858
0.0151942
0.0114881
0.0114036
0.00893033
0.00885282
0.0071323
0.0070611
0.00582312
0.00575752
0.00484172
0.00478104
0.00408784
0.00403148
0.00349659
0.00344402
0.00302455
0.00297534
0.00264183
0.00259559
0.00232731
0.00228372
0.00206573
0.00202453
0.00184589
0.00180682
0.00165936
0.00162223
0.00149976
0.00146439
0.00136215
0.00132838
0.00124266
0.00121037
0.00113827
0.00110732
0.00104652
0.00101682
0.000965462
0.000936907
0.180458
0.139572
0.139673
0.0831664
0.0831621
0.0497172
0.0496462
0.0318184
0.0317273
0.0217569
0.0216644
0.015696
0.0156084
0.011811
0.0117298
0.00918893
0.00911419
0.007343
0.00727423
0.00599758
0.00593412
0.00498826
0.00492949
0.00421249
0.00415786
0.0036038
0.00355282
0.00311768
0.00306993
0.00272343
0.00267855
0.00239937
0.00235705
0.00212981
0.00208979
0.00190322
0.00186528
0.00171095
0.00167488
0.00154642
0.00151205
0.00140455
0.00137173
0.00128136
0.00124997
0.00117371
0.00114363
0.00107911
0.00105023
0.000995519
0.000967756
0.175612
0.137557
0.137654
0.0834335
0.0834343
0.0504112
0.0503468
0.032448
0.0323625
0.0222591
0.0221711
0.0160894
0.0160053
0.0121219
0.0120437
0.00943856
0.00936639
0.00754678
0.00748023
0.00616653
0.00610505
0.0051303
0.00507331
0.0043334
0.00428038
0.00370787
0.00365836
0.00320812
0.00316172
0.00280271
0.00275909
0.0024694
0.00242825
0.0021921
0.00215318
0.00195898
0.00192206
0.00176113
0.00172603
0.00159181
0.00155837
0.0014458
0.00141386
0.00131901
0.00128845
0.00120821
0.00117892
0.00111082
0.00108271
0.00102478
0.000997743
0.171155
0.135615
0.135706
0.0836272
0.0836324
0.0510471
0.0509887
0.0330414
0.032961
0.0227381
0.0226542
0.0164671
0.0163864
0.0124216
0.0123462
0.00967987
0.00961008
0.00774413
0.00767966
0.00633037
0.00627072
0.00526819
0.00521284
0.00445087
0.00439934
0.00380903
0.00376088
0.00329608
0.00325094
0.00287985
0.00283738
0.00253756
0.00249749
0.00225275
0.00221484
0.00201326
0.0019773
0.00181001
0.00177581
0.00163603
0.00160344
0.00148599
0.00145486
0.00135569
0.00132591
0.00124182
0.00121327
0.00114173
0.00111432
0.00105329
0.00102694
0.167037
0.133741
0.133831
0.0837579
0.083767
0.0516305
0.0515775
0.0336015
0.0335258
0.0231957
0.0231157
0.0168303
0.0167528
0.0127111
0.0126383
0.00991349
0.00984592
0.00793555
0.00787301
0.0064895
0.00643155
0.00540224
0.00534842
0.00456516
0.00451501
0.00390751
0.00386063
0.00338175
0.00333777
0.00295501
0.00291362
0.002604
0.00256493
0.00231187
0.0022749
0.00206621
0.00203113
0.00185767
0.00182431
0.00167917
0.00164737
0.0015252
0.00149483
0.00139149
0.00136242
0.00127463
0.00124676
0.0011719
0.00114515
0.00108113
0.0010554
0.163218
0.131935
0.132025
0.0838341
0.0838464
0.0521662
0.0521181
0.0341309
0.0340595
0.0236336
0.023557
0.0171801
0.0171055
0.0129909
0.0129205
0.01014
0.0100745
0.00812144
0.00806071
0.00664423
0.00658788
0.00553273
0.00548034
0.00467649
0.00462763
0.0040035
0.0039578
0.00346529
0.0034224
0.00302832
0.00298795
0.00266883
0.0026307
0.00236959
0.00233349
0.0021179
0.00208364
0.00190422
0.00187164
0.0017213
0.00169024
0.00156351
0.00153384
0.00142646
0.00139806
0.00130668
0.00127945
0.00120139
0.00117524
0.00110834
0.00108319
0.159663
0.1302
0.130283
0.0838624
0.0838778
0.0526582
0.0526147
0.0346317
0.0345644
0.0240528
0.0239796
0.0175173
0.0174454
0.0132617
0.0131936
0.0103597
0.0102962
0.00830214
0.00824311
0.00679485
0.00674
0.00565986
0.00560881
0.00478505
0.0047374
0.00409716
0.00405256
0.00354684
0.00350497
0.00309992
0.00306049
0.00273216
0.00269491
0.00242598
0.00239071
0.00216841
0.00213493
0.00194973
0.00191787
0.00176249
0.00173212
0.00160097
0.00157195
0.00146067
0.00143289
0.00133803
0.0013114
0.00123023
0.00120465
0.00113495
0.00111035
0.156344
0.128524
0.128607
0.0838503
0.0838676
0.0531105
0.0530712
0.0351061
0.0350426
0.0244548
0.0243847
0.0178427
0.0177734
0.0135241
0.0134582
0.0105732
0.0105115
0.00847801
0.00842057
0.00694163
0.00688819
0.00578388
0.00573409
0.00489102
0.00484451
0.00418864
0.00414508
0.00362653
0.00358561
0.00316992
0.00313137
0.00279409
0.00275767
0.00248114
0.00244664
0.00221784
0.00218509
0.00199426
0.00196309
0.00180281
0.00177308
0.00163764
0.00160923
0.00149415
0.00146696
0.00136873
0.00134266
0.00125847
0.00123342
0.00116101
0.00113692
0.291493
0.162356
0.162397
0.069779
0.0696691
0.0358001
0.0356748
0.0212981
0.021185
0.0140101
0.0139115
0.00988198
0.00979584
0.00733183
0.00725587
0.0056511
0.0055834
0.00448677
0.00442582
0.00364775
0.0035924
0.00302355
0.00297289
0.00254679
0.00250011
0.00217451
0.00213125
0.00187832
0.00183803
0.00163883
0.00160113
0.00144245
0.00140703
0.00127943
0.00124603
0.00114263
0.00111104
0.0010267
0.000996734
0.000927612
0.000899113
0.000842252
0.000815084
0.000768195
0.00074224
0.00070353
0.000678685
0.000646732
0.000622908
0.000596575
0.00057369
0.280918
0.161777
0.161823
0.0712597
0.0711615
0.0368953
0.0367783
0.0220353
0.0219281
0.014523
0.014429
0.0102548
0.0101723
0.0076133
0.00754044
0.00587042
0.00580539
0.00466213
0.00460353
0.00379098
0.00373772
0.00314264
0.00309387
0.0026473
0.00260234
0.00226044
0.00221876
0.00195259
0.00191377
0.00170365
0.00166731
0.00149951
0.00146536
0.00133003
0.00129783
0.00118779
0.00115734
0.00106726
0.00103837
0.000964235
0.000936752
0.000875479
0.000849279
0.000798475
0.000773444
0.000731236
0.000707274
0.000672178
0.000649198
0.000620024
0.00059795
0.271433
0.161022
0.161075
0.0725874
0.0724996
0.0379181
0.0378086
0.0227332
0.0226315
0.0150119
0.0149219
0.0106113
0.0105322
0.00788308
0.00781302
0.00608093
0.00601831
0.00483061
0.00477413
0.00392869
0.00387733
0.0032572
0.00321014
0.00274403
0.00270063
0.00234316
0.00230292
0.00202412
0.00198662
0.0017661
0.00173099
0.00155448
0.00152148
0.00137879
0.00134767
0.00123133
0.00120189
0.00110636
0.00107843
0.00099954
0.000972973
0.000907514
0.000882185
0.000827672
0.000803471
0.000757953
0.000734786
0.000696716
0.000674498
0.000642639
0.000621295
0.262865
0.160143
0.160196
0.0737807
0.073702
0.0388761
0.0387733
0.0233959
0.0232991
0.015479
0.0153929
0.0109532
0.0108772
0.00814237
0.00807486
0.00628354
0.00622312
0.00499294
0.00493839
0.00406147
0.00401182
0.00336772
0.0033222
0.00283739
0.0027954
0.00242303
0.00238408
0.0020932
0.00205689
0.00182641
0.00179242
0.00160759
0.00157564
0.0014259
0.00139576
0.00127339
0.00124488
0.00114415
0.00111709
0.00103367
0.00100793
0.000938483
0.000913945
0.000855899
0.000832453
0.000783786
0.000761339
0.000720445
0.000698917
0.000664508
0.000643827
0.255076
0.159169
0.159221
0.0748557
0.074785
0.0397757
0.0396791
0.0240268
0.0239344
0.0159265
0.0158438
0.011282
0.0112087
0.00839219
0.00832703
0.00647904
0.00642063
0.00514972
0.00509693
0.0041898
0.00414172
0.00347459
0.00343049
0.0029277
0.00288701
0.00250032
0.00246256
0.00216006
0.00212485
0.00188481
0.00185184
0.00165902
0.00162802
0.00147153
0.00144229
0.00131415
0.00128648
0.00118076
0.0011545
0.00106673
0.00104176
0.000968493
0.000944676
0.000883256
0.000860497
0.000808823
0.000787034
0.000743444
0.000722546
0.000685707
0.00066563
0.247956
0.158123
0.158177
0.0758256
0.0757623
0.0406224
0.0405314
0.0246287
0.0245405
0.0163562
0.0162768
0.0115987
0.011528
0.00863344
0.00857042
0.00666809
0.00661152
0.00530148
0.00525031
0.00431411
0.00426747
0.00357817
0.00353537
0.00301527
0.00297576
0.00257528
0.00253861
0.00222493
0.00219073
0.00194147
0.00190944
0.00170893
0.00167881
0.00151582
0.0014874
0.00135371
0.00132681
0.00121631
0.00119079
0.00109884
0.00107456
0.000997638
0.000974482
0.000909825
0.000887697
0.000833142
0.000811956
0.000765785
0.000745464
0.000706301
0.000686778
0.241417
0.157026
0.157081
0.0767025
0.0766457
0.0414211
0.0413353
0.0252042
0.0251198
0.0167697
0.0166932
0.0119045
0.0118362
0.00886685
0.00880582
0.00685126
0.0067964
0.00544866
0.00539898
0.00443476
0.00438945
0.00367875
0.00363715
0.00310034
0.00306192
0.00264812
0.00261245
0.00228798
0.00225471
0.00199657
0.00196539
0.00175747
0.00172816
0.0015589
0.00153124
0.00139219
0.00136601
0.00125089
0.00122604
0.00113008
0.00110644
0.00102599
0.00100345
0.000935678
0.000914132
0.000856807
0.000836177
0.000787527
0.000767738
0.000726344
0.000707331
0.235382
0.155895
0.155953
0.0774947
0.0774436
0.0421753
0.0420943
0.025755
0.0256742
0.017168
0.0170942
0.0122002
0.0121341
0.00909297
0.00903379
0.00702895
0.00697568
0.00559158
0.00554329
0.00455199
0.00450792
0.00377653
0.00373605
0.00318308
0.00314567
0.002719
0.00268426
0.00234935
0.00231693
0.00205019
0.00201982
0.00180473
0.00177616
0.00160084
0.00157388
0.00142967
0.00140415
0.00128457
0.00126035
0.00116051
0.00113746
0.00105362
0.00103164
0.000960866
0.000939857
0.000879865
0.000859748
0.000808713
0.000789416
0.000745875
0.000727334
0.229791
0.154741
0.154801
0.0782118
0.078166
0.0428889
0.0428124
0.0262834
0.0262058
0.0175523
0.0174811
0.0124865
0.0124224
0.00931241
0.00925495
0.00720164
0.00714984
0.0057306
0.0056836
0.00466611
0.00462319
0.00387177
0.00383232
0.00326369
0.00322723
0.00278808
0.0027542
0.00240917
0.00237755
0.00210249
0.00207286
0.00185081
0.00182294
0.00164176
0.00161545
0.00146623
0.00144132
0.00131743
0.00129379
0.0011902
0.00116771
0.00108058
0.00105912
0.000985447
0.000964938
0.000902369
0.00088273
0.000829391
0.000810551
0.000764939
0.000746837
0.224596
0.153573
0.153629
0.0788609
0.0788204
0.0435655
0.0434931
0.0267909
0.0267165
0.0179239
0.0178551
0.0127642
0.0127021
0.00952572
0.00946987
0.00736973
0.00731931
0.00586606
0.00582027
0.00477738
0.00473553
0.00396468
0.0039262
0.00334237
0.00330679
0.00285551
0.00282244
0.00246758
0.00243671
0.00215356
0.00212462
0.00189583
0.00186861
0.00168173
0.00165603
0.00150195
0.00147762
0.00134954
0.00132644
0.00121922
0.00119724
0.00110692
0.00108595
0.00100947
0.000989431
0.000924368
0.000905174
0.000849606
0.000831192
0.000783578
0.000765885
0.219745
0.152399
0.152459
0.0794479
0.0794114
0.0442067
0.0441381
0.0272786
0.0272071
0.0182832
0.0182166
0.0130336
0.0129733
0.00973311
0.00967876
0.00753338
0.00748425
0.00599806
0.0059534
0.00488589
0.00484504
0.00405533
0.00401775
0.00341916
0.0033844
0.00292135
0.00288904
0.00252464
0.00249446
0.00220345
0.00217516
0.00193982
0.0019132
0.00172079
0.00169566
0.00153686
0.00151307
0.00138093
0.00135834
0.00124759
0.00122608
0.00113268
0.00111217
0.00103297
0.00101336
0.000945877
0.000927098
0.000869372
0.000851357
0.000801804
0.000784492
0.21521
0.151218
0.151283
0.07998
0.0799476
0.0448163
0.0447513
0.0277484
0.0276796
0.0186314
0.0185669
0.0132957
0.0132371
0.00993522
0.0098823
0.00769309
0.00764518
0.006127
0.00608341
0.00499195
0.00495205
0.00414398
0.00410726
0.00349429
0.00346031
0.00298579
0.00295419
0.00258048
0.00255097
0.0022523
0.00222462
0.00198289
0.00195684
0.00175905
0.00173445
0.00157106
0.00154777
0.00141168
0.00138956
0.00127538
0.00125432
0.00115792
0.00113783
0.00105598
0.00103678
0.000966955
0.000948566
0.000888743
0.000871101
0.000819666
0.000802713
0.210954
0.150053
0.150105
0.0804606
0.080432
0.0453956
0.0453338
0.0282008
0.0281346
0.0189689
0.0189064
0.0135505
0.0134935
0.0101322
0.0100806
0.00784894
0.00780217
0.00625295
0.00621036
0.00509562
0.00505661
0.00423068
0.00419475
0.00356779
0.00353454
0.00304885
0.00301792
0.00263515
0.00260625
0.00230013
0.00227302
0.00202507
0.00199956
0.00179652
0.00177242
0.00160456
0.00158174
0.0014418
0.00142013
0.0013026
0.00128197
0.00118265
0.00116296
0.00107854
0.00105972
0.000987609
0.000969587
0.000907727
0.000890435
0.000837172
0.000820555
0.206948
0.148887
0.14895
0.0808934
0.0808681
0.0459461
0.0458876
0.0286369
0.028573
0.0192961
0.0192355
0.0137985
0.013743
0.0103242
0.0102739
0.00800111
0.00795543
0.00637605
0.0063344
0.00519701
0.00515884
0.00431551
0.00428034
0.00363975
0.00360718
0.00311061
0.0030803
0.0026887
0.00266038
0.00234698
0.00232041
0.0020664
0.00204139
0.00183324
0.00180961
0.00163739
0.00161501
0.00147132
0.00145007
0.00132929
0.00130906
0.00120689
0.00118759
0.00110065
0.0010822
0.00100786
0.000990184
0.000926341
0.00090938
0.000854338
0.000838038
0.203173
0.147739
0.147784
0.0812865
0.0812631
0.0464711
0.0464155
0.0290581
0.0289966
0.0196142
0.0195554
0.0140403
0.0139863
0.0105119
0.0104628
0.00815002
0.00810536
0.00649661
0.00645586
0.00529639
0.00525901
0.0043987
0.00436425
0.00371033
0.00367841
0.0031712
0.00314149
0.00274126
0.00271348
0.00239298
0.00236692
0.00210698
0.00208245
0.00186929
0.00184612
0.00166964
0.00164768
0.00150032
0.00147947
0.00135551
0.00133566
0.0012307
0.00121176
0.00112238
0.00110426
0.00102776
0.00101041
0.000944631
0.000927982
0.000871207
0.000855206
0.199601
0.146605
0.14665
0.0816373
0.0816166
0.0469703
0.0469173
0.0294642
0.0294049
0.0199228
0.0198657
0.0142757
0.0142231
0.010695
0.010647
0.0082955
0.00825182
0.00661452
0.00657462
0.00539364
0.00535702
0.00448016
0.00444638
0.00377947
0.00374817
0.00323058
0.00320143
0.00279277
0.00276552
0.00243807
0.0024125
0.00214677
0.00212269
0.00190465
0.0018819
0.00170126
0.0016797
0.00152877
0.00150829
0.00138123
0.00136173
0.00125407
0.00123546
0.00114369
0.0011259
0.00104728
0.00103024
0.000962577
0.000946224
0.000887758
0.000872042
0.196226
0.145459
0.145529
0.0819541
0.0819377
0.0474478
0.0473977
0.0298579
0.0298006
0.0202237
0.0201682
0.014506
0.0144546
0.0108745
0.0108276
0.00843827
0.00839551
0.00673033
0.00669124
0.00548923
0.00545332
0.00456026
0.00452712
0.00384749
0.00381676
0.003289
0.00326039
0.00284346
0.00281671
0.00248246
0.00245734
0.00218595
0.00216229
0.00193947
0.00191712
0.0017324
0.00171122
0.00155678
0.00153666
0.00140656
0.0013874
0.00127708
0.0012588
0.00116469
0.00114721
0.00106652
0.00104977
0.000980258
0.000964185
0.000904067
0.000888618
0.193024
0.144345
0.144403
0.0822399
0.0822258
0.047904
0.0478563
0.0302388
0.0301834
0.0205166
0.0204626
0.0147309
0.0146808
0.0110501
0.0110042
0.00857817
0.00853629
0.00684392
0.00680559
0.00558304
0.00554782
0.00463891
0.00460639
0.0039143
0.00388413
0.00334641
0.0033183
0.00289329
0.002867
0.0025261
0.00250142
0.00222446
0.00220121
0.00197371
0.00195174
0.00176303
0.00174221
0.00158434
0.00156456
0.00143148
0.00141264
0.00129972
0.00128174
0.00118535
0.00116816
0.00108544
0.00106897
0.000997655
0.000981849
0.000920114
0.000904921
0.18997
0.143269
0.143316
0.0824892
0.0824773
0.0483367
0.0482912
0.0306057
0.0305522
0.0208006
0.0207481
0.0149498
0.0149008
0.0112214
0.0111765
0.00871484
0.0086738
0.00695499
0.0069174
0.00567485
0.00564027
0.00471592
0.00468398
0.00397974
0.0039501
0.00340266
0.00337504
0.00294213
0.00291629
0.00256887
0.00254461
0.00226223
0.00223936
0.00200728
0.00198568
0.00179307
0.00177259
0.00161136
0.00159191
0.00145592
0.00143739
0.00132193
0.00130424
0.00120561
0.0011887
0.001104
0.0010878
0.00101472
0.000999172
0.000935859
0.00092091
0.187069
0.142185
0.142241
0.0827158
0.0827066
0.0487516
0.0487082
0.030962
0.0309103
0.021078
0.0210269
0.0151643
0.0151165
0.0113896
0.0113456
0.00884918
0.00880895
0.00706427
0.00702738
0.00576522
0.00573127
0.00479177
0.00476039
0.00404422
0.00401509
0.0034581
0.00343094
0.00299027
0.00296486
0.00261105
0.00258718
0.00229947
0.00227698
0.0020404
0.00201914
0.00182269
0.00180254
0.00163802
0.00161887
0.00148004
0.0014618
0.00134384
0.00132643
0.00122561
0.00120896
0.00112232
0.00110637
0.00103157
0.00101626
0.000951398
0.00093668
0.184303
0.141136
0.141173
0.0829161
0.0829056
0.0491479
0.0491065
0.0313071
0.031257
0.0213483
0.0212985
0.015374
0.0153272
0.0115543
0.0115113
0.00898096
0.0089415
0.00717158
0.00713536
0.00585403
0.00582067
0.00486633
0.00483549
0.00410763
0.00407899
0.00351264
0.00348592
0.00303764
0.00301264
0.00265256
0.00262907
0.00233613
0.00231399
0.00207299
0.00205207
0.00185187
0.00183203
0.00166428
0.00164542
0.00150378
0.00148583
0.00136542
0.00134828
0.00124531
0.00122891
0.00114037
0.00112466
0.00104816
0.00103308
0.000966705
0.000952208
0.181661
0.140087
0.14014
0.0830909
0.0830837
0.0495267
0.0494872
0.0316415
0.0315931
0.0216119
0.0215634
0.0155791
0.0155334
0.0117159
0.0116737
0.00911034
0.00907162
0.00727702
0.00724144
0.00594135
0.00590856
0.00493969
0.00490935
0.00417004
0.00414186
0.00356633
0.00354004
0.00308429
0.00305968
0.00269344
0.00267031
0.00237224
0.00235043
0.00210511
0.0020845
0.00188061
0.00186107
0.00169015
0.00167157
0.00152719
0.00150949
0.00138669
0.0013698
0.00126472
0.00124856
0.00115816
0.00114267
0.00106452
0.00104966
0.000981794
0.000967509
0.179137
0.139066
0.13911
0.0832431
0.083239
0.0498893
0.0498519
0.0319663
0.0319193
0.0218694
0.0218221
0.0157802
0.0157355
0.0118745
0.0118331
0.00923754
0.00919952
0.00738077
0.00734581
0.00602733
0.00599508
0.00501196
0.00498211
0.00423155
0.00420381
0.00361926
0.00359337
0.00313029
0.00310605
0.00273376
0.00271098
0.00240785
0.00238638
0.00213679
0.00211649
0.00190897
0.00188971
0.00171567
0.00169737
0.00155028
0.00153284
0.00140768
0.00139103
0.00128388
0.00126795
0.00117571
0.00116045
0.00108066
0.00106601
0.000996689
0.000982606
0.176721
0.138038
0.138115
0.0833783
0.0833741
0.0502375
0.0502014
0.0322814
0.032236
0.0221208
0.0220747
0.0159771
0.0159334
0.0120302
0.0119896
0.00936256
0.00932523
0.00748285
0.00744848
0.00611197
0.00608025
0.00508314
0.00505376
0.00429215
0.00426484
0.00367142
0.00364593
0.00317563
0.00315175
0.00277352
0.00275107
0.00244298
0.00242181
0.00216804
0.00214803
0.00193694
0.00191796
0.00174085
0.00172281
0.00157307
0.00155587
0.00142839
0.00141198
0.00130278
0.00128708
0.00119304
0.00117799
0.00109659
0.00108215
0.00101139
0.000997499
0.174402
0.137076
0.137102
0.0834917
0.0834904
0.0505689
0.0505349
0.032587
0.0325429
0.022366
0.022321
0.0161699
0.016127
0.0121828
0.0121431
0.00948533
0.00944865
0.00758318
0.00754938
0.00619523
0.00616401
0.00515318
0.00512425
0.00435181
0.00432491
0.0037228
0.00369768
0.0032203
0.00319676
0.00281269
0.00279056
0.00247759
0.00245672
0.00219884
0.0021791
0.00196451
0.00194579
0.00176568
0.00174788
0.00159553
0.00157857
0.00144881
0.00143262
0.00132142
0.00130593
0.00121012
0.00119527
0.0011123
0.00109805
0.00102588
0.00101218
0.17218
0.136102
0.136127
0.0835906
0.083586
0.0508878
0.0508552
0.0328842
0.0328415
0.0226059
0.022562
0.0163591
0.0163171
0.012333
0.012294
0.00960624
0.00957019
0.00768208
0.00764882
0.00627734
0.00624661
0.0052223
0.00519381
0.00441071
0.00438419
0.00377352
0.00374876
0.00326441
0.00324121
0.00285138
0.00282956
0.00251179
0.00249121
0.00222927
0.0022098
0.00199176
0.00197329
0.00179021
0.00177265
0.00161773
0.00160099
0.00146899
0.00145301
0.00133985
0.00132456
0.001227
0.00121235
0.00112783
0.00111377
0.00104021
0.00102669
0.170037
0.135138
0.13521
0.0836674
0.083667
0.0511902
0.0511593
0.0331713
0.0331298
0.0228393
0.0227964
0.0165438
0.0165027
0.0124799
0.0124416
0.0097247
0.00968925
0.00777907
0.00774635
0.00635794
0.00632767
0.00529018
0.0052621
0.00446856
0.00444243
0.00382337
0.00379896
0.00330777
0.00328489
0.00288942
0.0028679
0.00254542
0.00252511
0.0022592
0.00223999
0.00201856
0.00200034
0.00181434
0.00179701
0.00163957
0.00162305
0.00148885
0.00147308
0.00135798
0.00134289
0.00124362
0.00122915
0.00114311
0.00112923
0.00105432
0.00104096
0.167989
0.134188
0.134258
0.0837357
0.0837364
0.0514839
0.0514542
0.0334528
0.0334127
0.0230692
0.0230274
0.0167262
0.016686
0.0126253
0.0125876
0.00984205
0.00980719
0.00787523
0.00784301
0.00643788
0.00640806
0.00535753
0.00532986
0.00452599
0.00450023
0.00387287
0.00384879
0.00335084
0.00332826
0.0029272
0.00290596
0.00257882
0.00255878
0.00228893
0.00226997
0.00204519
0.0020272
0.00183832
0.00182121
0.00166127
0.00164496
0.00150858
0.00149301
0.00137599
0.00136109
0.00126013
0.00124585
0.0011583
0.00114459
0.00106833
0.00105515
0.166007
0.133291
0.13333
0.0837872
0.0837889
0.0517624
0.0517341
0.0337245
0.0336854
0.0232926
0.0232517
0.0169042
0.0168647
0.0127674
0.0127304
0.00995692
0.00992262
0.00796945
0.00793772
0.00651627
0.00648689
0.00542362
0.00539633
0.00458237
0.00455695
0.00392147
0.00389771
0.00339313
0.00337085
0.00296432
0.00294336
0.00261164
0.00259186
0.00231815
0.00229943
0.00207136
0.0020536
0.00186189
0.001845
0.00168261
0.0016665
0.00152798
0.0015126
0.00139371
0.00137899
0.00127637
0.00126226
0.00117324
0.00115969
0.00108212
0.00106909
0.16411
0.132379
0.132403
0.0838269
0.0838295
0.0520332
0.0520062
0.0339913
0.0339533
0.023513
0.023473
0.0170802
0.0170415
0.0129082
0.0128718
0.0100709
0.0100371
0.00806299
0.00803173
0.00659414
0.00656517
0.00548928
0.00546237
0.0046384
0.00461333
0.00396979
0.00394634
0.00343519
0.00341319
0.00300124
0.00298054
0.00264429
0.00262475
0.00234722
0.00232873
0.0020974
0.00207985
0.00188535
0.00186866
0.00170384
0.00168793
0.00154729
0.00153209
0.00141134
0.00139679
0.00129253
0.00127859
0.00118811
0.00117472
0.00109584
0.00108297
0.162264
0.131497
0.131548
0.083847
0.0838532
0.0522876
0.0522624
0.0342471
0.0342105
0.0237263
0.0236871
0.0172513
0.0172133
0.0130454
0.0130096
0.0101821
0.0101488
0.00815436
0.00812357
0.00667027
0.00664171
0.00555352
0.00552698
0.00469324
0.0046685
0.0040171
0.00399395
0.00347638
0.00345466
0.0030374
0.00301696
0.00267628
0.00265698
0.00237571
0.00235744
0.00212292
0.00210558
0.00190833
0.00189184
0.00172465
0.00170893
0.00156621
0.0015512
0.00142862
0.00141425
0.00130838
0.0012946
0.00120268
0.00118945
0.00110929
0.00109657
0.160501
0.13062
0.130643
0.0838653
0.0838723
0.0525374
0.0525119
0.0345001
0.0344644
0.0239377
0.0238995
0.0174212
0.0173839
0.0131818
0.0131467
0.0102928
0.0102601
0.0082454
0.00821505
0.00674615
0.00671798
0.00561758
0.00559139
0.00474794
0.00472351
0.00406429
0.00404143
0.00351748
0.00349603
0.00307349
0.0030533
0.0027082
0.00268913
0.00240414
0.00238608
0.00214839
0.00213126
0.00193128
0.00191498
0.00174542
0.00172988
0.00158511
0.00157026
0.00144588
0.00143167
0.0013242
0.00131057
0.00121724
0.00120416
0.00112273
0.00111015
0.158791
0.129754
0.129777
0.0838754
0.0838776
0.0527747
0.0527513
0.0347451
0.0347105
0.0241439
0.0241066
0.0175875
0.017551
0.0133157
0.0132811
0.0104015
0.0103693
0.00833492
0.00830499
0.00682082
0.00679303
0.00568064
0.00565479
0.00480182
0.0047777
0.00411079
0.00408821
0.00355798
0.00353679
0.00310906
0.00308911
0.00273968
0.00272083
0.00243217
0.00241433
0.00217351
0.00215657
0.00195391
0.0019378
0.00176592
0.00175055
0.00160375
0.00158907
0.0014629
0.00144885
0.0013398
0.00132633
0.0012316
0.00121866
0.00113598
0.00112354
0.157118
0.128939
0.128987
0.0838644
0.0838647
0.0529952
0.0529744
0.0349791
0.0349456
0.0243427
0.0243061
0.0177487
0.0177128
0.0134457
0.0134117
0.0105074
0.0104756
0.00842214
0.00839263
0.00689363
0.00686622
0.00574218
0.00571666
0.00485442
0.0048306
0.0041562
0.0041339
0.00359755
0.00357661
0.00314383
0.0031241
0.00277044
0.00275181
0.00245958
0.00244194
0.00219807
0.00218133
0.00197605
0.00196011
0.00178596
0.00177076
0.00162198
0.00160746
0.00147955
0.00146566
0.00135507
0.00134175
0.00124565
0.00123285
0.00114895
0.00113664
0.155519
0.12813
0.128127
0.0838499
0.0838562
0.0532145
0.0531938
0.0352113
0.0351785
0.0245405
0.0245048
0.0179093
0.017874
0.0135755
0.013542
0.0106131
0.0105818
0.00850931
0.00848022
0.00696644
0.00693939
0.00580374
0.00577854
0.00490704
0.00488351
0.00420165
0.00417961
0.00363716
0.00361646
0.00317862
0.00315913
0.00280124
0.00278282
0.00248701
0.00246957
0.00222267
0.0022061
0.00199821
0.00198245
0.00180603
0.001791
0.00164024
0.00162587
0.00149623
0.00148248
0.00137036
0.00135718
0.00125972
0.00124705
0.00116194
0.00114976
0.153977
0.127267
0.127337
0.0838219
0.0838393
0.0534259
0.0534047
0.035439
0.0354072
0.0247353
0.0247003
0.0180679
0.0180332
0.0137038
0.0136709
0.0107177
0.0106869
0.00859568
0.00856697
0.00703862
0.0070119
0.00586478
0.00583989
0.00495925
0.00493599
0.00424674
0.00422496
0.00367646
0.003656
0.00321316
0.00319388
0.00283181
0.00281359
0.00251426
0.002497
0.00224708
0.0022307
0.00202021
0.00200462
0.00182596
0.00181108
0.00165837
0.00164416
0.00151279
0.00149919
0.00138555
0.0013725
0.00127369
0.00126116
0.00117484
0.00116278
0.152465
0.126501
0.126546
0.0837941
0.0838042
0.0536237
0.0536039
0.0356564
0.0356253
0.0249233
0.0248891
0.0182216
0.0181876
0.0138286
0.0137962
0.0108197
0.0107893
0.00867992
0.0086516
0.00710908
0.00708271
0.00592442
0.00589983
0.00501027
0.00498729
0.00429084
0.00426931
0.00371491
0.00369468
0.00324696
0.00322789
0.00286173
0.00284371
0.00254092
0.00252385
0.00227099
0.00225478
0.00204176
0.00202633
0.00184547
0.00183075
0.00167612
0.00166206
0.00152901
0.00151555
0.00140042
0.00138751
0.00128738
0.00127498
0.00118747
0.00117554
0.150992
0.125812
0.125764
0.0837398
0.0837504
0.0538097
0.0537904
0.0358669
0.0358367
0.0251064
0.025073
0.0183721
0.0183386
0.0139509
0.013919
0.0109198
0.0108899
0.00876275
0.0087348
0.00717841
0.00715236
0.00598313
0.00595883
0.00506053
0.00503781
0.00433428
0.00431299
0.0037528
0.00373279
0.00328026
0.0032614
0.00289123
0.0028734
0.00256721
0.00255032
0.00229456
0.00227852
0.00206301
0.00204774
0.00186472
0.00185015
0.00169363
0.00167971
0.00154501
0.00153169
0.0014151
0.00140232
0.00130088
0.0012886
0.00119994
0.00118813
0.149602
0.124961
0.12496
0.0837056
0.0837217
0.0540015
0.053984
0.0360809
0.0360517
0.0252926
0.0252596
0.0185248
0.018492
0.0140752
0.0140437
0.0110215
0.0109919
0.00884685
0.00881925
0.0072488
0.00722307
0.00604274
0.00601873
0.00511156
0.0050891
0.00437839
0.00435734
0.00379127
0.00377147
0.00331409
0.00329543
0.00292118
0.00290354
0.00259391
0.00257719
0.0023185
0.00230262
0.00208459
0.00206947
0.00188427
0.00186985
0.00171142
0.00169764
0.00156126
0.00154807
0.00143
0.00141734
0.0013146
0.00130244
0.0012126
0.00120091
0.148225
0.124194
0.124237
0.0836637
0.08366
0.0541781
0.0541606
0.0362831
0.0362548
0.0254702
0.0254382
0.0186716
0.0186393
0.014195
0.014164
0.0111197
0.0110906
0.00892823
0.00890099
0.00731701
0.00729159
0.00610055
0.00607681
0.00516107
0.00513886
0.00442122
0.00440039
0.00382864
0.00380905
0.00334695
0.00332848
0.00295029
0.00293283
0.00261986
0.00260331
0.00234177
0.00232605
0.00210557
0.0020906
0.00190327
0.00188899
0.00172872
0.00171507
0.00157707
0.001564
0.0014445
0.00143196
0.00132794
0.0013159
0.00122492
0.00121334
0.146876
0.123517
0.123516
0.083594
0.0835959
0.0543406
0.0543248
0.0364772
0.0364494
0.0256426
0.0256112
0.0188145
0.0187829
0.014312
0.0142815
0.0112159
0.0111871
0.00900797
0.00898106
0.00738388
0.00735876
0.00615726
0.00613379
0.00520967
0.0051877
0.00446326
0.00444266
0.00386533
0.00384595
0.00337923
0.00336095
0.00297889
0.0029616
0.00264536
0.00262898
0.00236464
0.00234908
0.00212619
0.00211137
0.00192196
0.00190782
0.00174572
0.00173221
0.00159261
0.00157966
0.00145875
0.00144633
0.00134106
0.00132913
0.00123703
0.00122556
0.145593
0.122746
0.122788
0.0835247
0.0835369
0.0545055
0.0544932
0.036673
0.0366462
0.0258165
0.0257855
0.0189588
0.0189276
0.0144301
0.0144
0.0113129
0.0112845
0.00908845
0.00906189
0.00745139
0.00742657
0.00621452
0.00619132
0.00525875
0.00523702
0.00450573
0.00448534
0.0039024
0.00388321
0.00341184
0.00339374
0.00300778
0.00299066
0.00267112
0.0026549
0.00238775
0.00237233
0.00214702
0.00213234
0.00194084
0.00192683
0.0017629
0.00174951
0.00160831
0.00159549
0.00147315
0.00146085
0.00135431
0.00134249
0.00124927
0.0012379
0.144328
0.122018
0.1221
0.0834554
0.0834727
0.0546612
0.0546469
0.0368606
0.0368341
0.0259843
0.0259541
0.0190987
0.019068
0.0145449
0.0145153
0.0114074
0.0113794
0.00916699
0.00914074
0.00751734
0.0074928
0.00627049
0.00624754
0.00530674
0.00528524
0.00454727
0.0045271
0.00393867
0.00391968
0.00344376
0.00342584
0.00303606
0.00301911
0.00269635
0.00268028
0.00241038
0.00239511
0.00216743
0.00215289
0.00195933
0.00194545
0.00177974
0.00176647
0.00162369
0.00161099
0.00148726
0.00147507
0.0013673
0.00135559
0.00126127
0.00125
0.143108
0.121311
0.121392
0.0833819
0.0833899
0.0548125
0.054798
0.0370456
0.0370201
0.0261506
0.0261209
0.0192376
0.0192075
0.0146591
0.01463
0.0115016
0.0114739
0.00924525
0.00921932
0.00758308
0.00755882
0.00632631
0.00630361
0.00535462
0.00533334
0.00458873
0.00456875
0.00397487
0.00395607
0.00347562
0.00345787
0.0030643
0.00304751
0.00272153
0.00270562
0.00243297
0.00241784
0.00218781
0.0021734
0.0019778
0.00196405
0.00179655
0.0017834
0.00163905
0.00162646
0.00150135
0.00148928
0.00138027
0.00136867
0.00127325
0.00126208
0.141901
0.120679
0.120718
0.0832966
0.083305
0.0549498
0.0549369
0.0372209
0.037196
0.0263102
0.0262812
0.0193718
0.0193421
0.0147698
0.0147411
0.011593
0.0115657
0.00932133
0.00929571
0.00764705
0.00762306
0.00638067
0.00635821
0.00540127
0.00538022
0.00462914
0.00460936
0.00401017
0.00399155
0.00350669
0.00348912
0.00309184
0.00307522
0.00274611
0.00273034
0.00245502
0.00244004
0.0022077
0.00219342
0.00199582
0.0019822
0.00181296
0.00179993
0.00165405
0.00164158
0.00151512
0.00150315
0.00139294
0.00138144
0.00128495
0.00127388
0.140735
0.119948
0.120103
0.0832221
0.0832214
0.0550868
0.0550746
0.0373946
0.0373707
0.0264687
0.0264402
0.0195052
0.019476
0.01488
0.0148517
0.0116841
0.0116571
0.00939718
0.00937187
0.00771087
0.00768714
0.00643491
0.00641269
0.00544783
0.005427
0.00466948
0.0046499
0.00404542
0.00402698
0.00353773
0.00352032
0.00311936
0.00310289
0.00277066
0.00275503
0.00247705
0.0024622
0.00222757
0.00221342
0.00201384
0.00200033
0.00182935
0.00181644
0.00166904
0.00165667
0.00152887
0.001517
0.0014056
0.0013942
0.00129664
0.00128567
0.139641
0.119305
0.119266
0.0831318
0.0831315
0.0552296
0.0552171
0.0375755
0.0375519
0.0266328
0.0266043
0.0196426
0.0196139
0.0149934
0.0149654
0.0117777
0.0117511
0.00947512
0.0094501
0.00777641
0.00775294
0.00649061
0.00646862
0.00549564
0.00547501
0.0047109
0.00469151
0.0040816
0.00406334
0.00356958
0.00355233
0.0031476
0.00313128
0.00279585
0.00278037
0.00249966
0.00248494
0.00224797
0.00223394
0.00203232
0.00201893
0.00184618
0.00183338
0.00168443
0.00167216
0.00154298
0.00153121
0.0014186
0.00140729
0.00130864
0.00129776
0.138505
0.118761
0.118649
0.083032
0.0830412
0.0553448
0.0553312
0.0377326
0.0377101
0.0267797
0.0267522
0.0197681
0.0197398
0.0150976
0.01507
0.0118642
0.0118379
0.00954736
0.00952261
0.0078373
0.00781409
0.00654245
0.00652068
0.00554019
0.00551976
0.00474953
0.00473032
0.00411538
0.00409728
0.00359933
0.00358224
0.00317399
0.00315782
0.00281941
0.00280406
0.0025208
0.00250621
0.00226704
0.00225314
0.00204962
0.00203635
0.00186193
0.00184924
0.00169882
0.00168666
0.00155619
0.00154452
0.00143076
0.00141955
0.00131987
0.00130908
0.137451
0.11805
0.11794
0.0829611
0.0829615
0.055473
0.0554635
0.037901
0.0378797
0.0269345
0.026908
0.0198993
0.0198713
0.0152064
0.0151792
0.0119543
0.0119283
0.00962255
0.0095981
0.00790065
0.00787768
0.00659634
0.0065748
0.00558649
0.00556626
0.00478967
0.00477064
0.00415047
0.00413254
0.00363024
0.0036133
0.0032014
0.00318537
0.00284387
0.00282866
0.00254276
0.00252829
0.00228685
0.00227307
0.00206758
0.00205442
0.00187829
0.0018657
0.00171377
0.00170171
0.00156991
0.00155834
0.00144339
0.00143227
0.00133154
0.00132084
0.136377
0.117385
0.117493
0.0828408
0.0828505
0.0555738
0.0555667
0.0380529
0.0380307
0.0270779
0.0270515
0.0200219
0.0199945
0.0153086
0.0152818
0.0120394
0.0120138
0.00969375
0.00966956
0.00796072
0.00793799
0.00664752
0.00662619
0.0056305
0.00561047
0.00482785
0.004809
0.00418386
0.0041661
0.00365967
0.00364289
0.00322751
0.00321162
0.00286718
0.0028521
0.00256369
0.00254935
0.00230574
0.00229207
0.0020847
0.00207165
0.00189388
0.0018814
0.00172803
0.00171607
0.00158299
0.00157152
0.00145544
0.00144441
0.00134267
0.00133205
0.135379
0.116775
0.11674
0.0827395
0.0827494
0.0557011
0.0556892
0.0382142
0.0381935
0.0272286
0.0272027
0.0201501
0.0201232
0.0154153
0.0153889
0.012128
0.0121026
0.00976777
0.00974385
0.00802315
0.00800066
0.00670068
0.00667956
0.0056762
0.00565636
0.00486749
0.00484881
0.00421853
0.00420092
0.00369021
0.00367357
0.00325461
0.00323885
0.00289137
0.00287641
0.0025854
0.00257118
0.00232533
0.00231178
0.00210247
0.00208952
0.00191006
0.00189768
0.00174282
0.00173096
0.00159657
0.00158518
0.00146794
0.00145699
0.00135421
0.00134368
0.134382
0.116225
0.116051
0.0826393
0.0826494
0.0558055
0.0557924
0.0383665
0.0383463
0.0273721
0.0273467
0.0202734
0.0202467
0.0155182
0.0154921
0.0122136
0.0121886
0.00983945
0.00981579
0.00808366
0.0080614
0.00675226
0.00673134
0.00572057
0.00570091
0.00490599
0.00488749
0.00425221
0.00423476
0.0037199
0.0037034
0.00328095
0.00326533
0.00291489
0.00290006
0.00260652
0.00259241
0.0023444
0.00233095
0.00211975
0.00210691
0.0019258
0.00191352
0.00175722
0.00174545
0.00160978
0.00159848
0.0014801
0.00146924
0.00136545
0.001355
0.133379
0.115588
0.115622
0.0825351
0.0825194
0.0558928
0.055889
0.0385065
0.0384869
0.0275073
0.0274826
0.0203904
0.0203641
0.0156163
0.0155905
0.0122955
0.0122708
0.00990818
0.00988477
0.00814177
0.00811975
0.00680184
0.00678113
0.00576326
0.00574379
0.00494306
0.00492473
0.00428466
0.00426736
0.00374851
0.00373216
0.00330635
0.00329086
0.00293757
0.00292286
0.00262689
0.0026129
0.00236279
0.00234945
0.00213643
0.00212369
0.00194099
0.00192881
0.00177111
0.00175943
0.00162253
0.00161132
0.00149184
0.00148107
0.0013763
0.00136593
0.132439
0.11493
0.11503
0.0824187
0.0824207
0.0559979
0.0559911
0.0386548
0.0386357
0.0276482
0.0276235
0.0205114
0.0204858
0.0157179
0.0156924
0.0123802
0.0123558
0.00997917
0.00995602
0.00820179
0.00817997
0.00685303
0.00683251
0.00580732
0.00578802
0.00498131
0.00496313
0.00431813
0.00430098
0.00377802
0.00376181
0.00333254
0.00331718
0.00296096
0.00294637
0.0026479
0.00263402
0.00238175
0.00236852
0.00215363
0.00214099
0.00195666
0.00194457
0.00178543
0.00177385
0.00163568
0.00162455
0.00150395
0.00149326
0.00138749
0.00137719
0.131498
0.114396
0.114429
0.0823037
0.0823144
0.0560913
0.0560832
0.0387929
0.0387739
0.0277822
0.0277581
0.0206278
0.0206025
0.0158157
0.0157905
0.012462
0.0124378
0.0100479
0.0100249
0.0082599
0.00823831
0.00690264
0.00688232
0.00585005
0.00583093
0.00501843
0.00500041
0.00435063
0.00433363
0.00380668
0.0037906
0.00335799
0.00334275
0.00298369
0.00296922
0.00266832
0.00265455
0.00240018
0.00238705
0.00217035
0.00215781
0.00197189
0.00195989
0.00179936
0.00178787
0.00164846
0.00163742
0.00151573
0.00150512
0.00139837
0.00138815
0.130594
0.113817
0.11385
0.0821874
0.0821899
0.0561765
0.0561723
0.0389326
0.038915
0.0279169
0.0278939
0.0207448
0.0207198
0.015914
0.0158893
0.0125443
0.0125204
0.010117
0.0100943
0.0083184
0.00829702
0.00695259
0.00693246
0.00589308
0.00587413
0.00505581
0.00503795
0.00438337
0.00436651
0.00383555
0.00381961
0.00338362
0.00336851
0.00300659
0.00299224
0.00268889
0.00267522
0.00241875
0.00240573
0.00218719
0.00217475
0.00198723
0.00197533
0.0018134
0.00180199
0.00166135
0.00165039
0.00152759
0.00151706
0.00140933
0.00139919
0.129693
0.113298
0.113266
0.0820757
0.0820867
0.0562578
0.0562558
0.0390639
0.0390463
0.0280462
0.028023
0.0208577
0.020833
0.0160093
0.0159848
0.0126242
0.0126006
0.0101842
0.0101618
0.00837535
0.00835418
0.00700125
0.00698132
0.00593503
0.00591625
0.00509227
0.00507457
0.0044153
0.00439859
0.00386373
0.00384792
0.00340865
0.00339365
0.00302895
0.00301471
0.00270898
0.00269542
0.00243689
0.00242397
0.00220365
0.0021913
0.00200223
0.00199041
0.00182711
0.00181578
0.00167393
0.00166306
0.00153919
0.00152873
0.00142004
0.00140998
0.128822
0.112732
0.112763
0.0819195
0.0819634
0.0563399
0.0563314
0.0391957
0.0391782
0.0281754
0.028153
0.0209706
0.0209465
0.0161049
0.0160806
0.0127043
0.0126809
0.0102516
0.0102294
0.00843247
0.0084115
0.00705008
0.00703032
0.00597712
0.0059585
0.00512886
0.00511131
0.00444736
0.00443078
0.00389202
0.00387633
0.00343377
0.00341889
0.0030514
0.00303727
0.00272914
0.00271569
0.00245511
0.00244228
0.00222017
0.00220792
0.00201728
0.00200555
0.00184088
0.00182964
0.00168658
0.00167578
0.00155083
0.00154045
0.0014308
0.00142081
0.127989
0.11213
0.1121
0.0818391
0.0818747
0.0564316
0.0564184
0.0393298
0.0393127
0.0283068
0.0282843
0.0210853
0.0210612
0.0162015
0.0161776
0.0127854
0.0127623
0.0103198
0.0102979
0.00849032
0.00846955
0.00709952
0.00707993
0.00601975
0.00600129
0.00516592
0.0051485
0.00447982
0.00446337
0.00392066
0.00390509
0.00345921
0.00344445
0.00307413
0.0030601
0.00274957
0.00273621
0.00247355
0.00246081
0.00223691
0.00222474
0.00203253
0.00202088
0.00185483
0.00184366
0.00169938
0.00168866
0.00156263
0.00155232
0.0014417
0.00143177
0.12711
0.111604
0.111814
0.0817156
0.0817028
0.0564778
0.0564787
0.0394422
0.0394264
0.0284215
0.0283997
0.0211877
0.021164
0.0162891
0.0162655
0.0128593
0.0128364
0.0103823
0.0103605
0.00854341
0.00852284
0.007145
0.00712559
0.00605902
0.00604072
0.0052001
0.00518284
0.0045098
0.00449348
0.00394713
0.00393169
0.00348274
0.00346809
0.00309516
0.00308125
0.00276848
0.00275522
0.00249063
0.00247799
0.00225241
0.00224033
0.00204665
0.00203509
0.00186775
0.00185667
0.00171125
0.0017006
0.00157356
0.00156333
0.0014518
0.00144195
0.126301
0.111248
0.111101
0.0815763
0.0815639
0.0565543
0.0565487
0.0395671
0.0395528
0.0285466
0.0285246
0.0212974
0.0212743
0.0163821
0.0163589
0.0129377
0.0129151
0.0104484
0.0104269
0.00859954
0.00857915
0.00719304
0.00717379
0.00610047
0.00608232
0.00523616
0.00521903
0.00454141
0.00452522
0.00397503
0.00395971
0.00350753
0.00349299
0.00311733
0.00310351
0.00278839
0.00277524
0.00250862
0.00249607
0.00226873
0.00225674
0.00206153
0.00205005
0.00188136
0.00187036
0.00172374
0.00171317
0.00158507
0.00157491
0.00146244
0.00145265
0.12553
0.110448
0.110652
0.0814652
0.0814846
0.0566334
0.0566315
0.0396968
0.0396819
0.0286738
0.0286528
0.0214093
0.0213867
0.016477
0.016454
0.0130174
0.0129951
0.0105156
0.0104943
0.00865661
0.00863641
0.00724187
0.0072228
0.00614261
0.00612462
0.00527282
0.00525583
0.00457354
0.00455748
0.0040034
0.00398819
0.00353273
0.0035183
0.00313985
0.00312613
0.00280864
0.00279557
0.00252691
0.00251444
0.00228533
0.00227341
0.00207665
0.00206525
0.0018952
0.00188426
0.00173644
0.00172594
0.00159677
0.00158667
0.00147325
0.00146353
0.124735
0.110088
0.11006
0.0813276
0.081347
0.0566916
0.0566901
0.0398104
0.039794
0.0287901
0.0287695
0.021513
0.0214906
0.0165658
0.0165429
0.0130924
0.0130703
0.010579
0.0105579
0.00871054
0.00869052
0.00728808
0.00726918
0.00618253
0.00616468
0.00530757
0.00529072
0.00460403
0.00458809
0.00403033
0.00401523
0.00355667
0.00354234
0.00316126
0.00314764
0.00282788
0.00281491
0.00254429
0.00253192
0.0023011
0.00228928
0.00209103
0.00207971
0.00190835
0.0018975
0.00174853
0.0017381
0.0016079
0.00159788
0.00148354
0.00147388
0.123941
0.109605
0.10969
0.0812099
0.0811829
0.0567364
0.0567353
0.0399156
0.0399015
0.0289013
0.028881
0.021613
0.0215907
0.0166514
0.016629
0.013165
0.0131431
0.0106405
0.0106196
0.00876292
0.00874308
0.00733301
0.00731428
0.00622138
0.00620368
0.00534142
0.0053247
0.00463373
0.00461791
0.00405657
0.00404159
0.00358
0.00356578
0.00318212
0.00316861
0.00284665
0.00283377
0.00256125
0.00254896
0.0023165
0.00230475
0.00210506
0.00209382
0.00192119
0.00191041
0.00176032
0.00174996
0.00161877
0.00160881
0.00149358
0.00148399
0.1232
0.108939
0.109244
0.0810847
0.0810888
0.0568055
0.0568047
0.0400321
0.0400185
0.0290184
0.0289988
0.0217179
0.0216959
0.0167411
0.0167189
0.0132408
0.0132192
0.0107047
0.010684
0.0088175
0.00879785
0.00737981
0.00736122
0.00626181
0.00624425
0.00537662
0.00536003
0.00466461
0.00464892
0.00408385
0.00406898
0.00360426
0.00359014
0.00320382
0.00319039
0.00286615
0.00285336
0.00257887
0.00256667
0.00233249
0.00232083
0.00211964
0.00210847
0.00193453
0.00192382
0.00177257
0.00176228
0.00163005
0.00162016
0.00150401
0.00149448
0.122485
0.108514
0.108597
0.0809207
0.0809703
0.056867
0.0568664
0.0401499
0.0401348
0.0291376
0.0291181
0.0218235
0.0218019
0.0168314
0.0168095
0.0133171
0.0132957
0.0107693
0.0107488
0.00887246
0.00885299
0.00742693
0.00740849
0.00630253
0.00628511
0.00541209
0.00539562
0.00469573
0.00468015
0.00411134
0.00409657
0.00362869
0.00361468
0.00322567
0.00321234
0.0028858
0.00287309
0.00259662
0.0025845
0.00234861
0.00233702
0.00213433
0.00212323
0.00194798
0.00193733
0.00178491
0.00177469
0.00164143
0.0016316
0.00151452
0.00150506
0.121773
0.107978
0.108059
0.0808247
0.080844
0.0569241
0.0569238
0.04026
0.0402461
0.0292522
0.0292334
0.0219263
0.0219049
0.0169194
0.0168977
0.0133916
0.0133705
0.0108324
0.0108121
0.00892624
0.00890694
0.00747307
0.0074548
0.00634243
0.00632515
0.00544685
0.00543051
0.00472623
0.00471077
0.0041383
0.00412364
0.00365267
0.00363875
0.00324711
0.00323387
0.00290508
0.00289246
0.00261405
0.00260201
0.00236443
0.00235291
0.00214875
0.00213773
0.00196117
0.0019506
0.00179703
0.00178687
0.0016526
0.00164283
0.00152485
0.00151544
0.121075
0.107347
0.107637
0.0807278
0.0807026
0.056982
0.0569788
0.0403707
0.0403563
0.0293647
0.0293461
0.0220276
0.0220066
0.0170065
0.0169851
0.0134655
0.0134446
0.0108951
0.010875
0.00897966
0.00896052
0.00751892
0.00750079
0.00638208
0.00636493
0.00548141
0.00546519
0.00475657
0.00474122
0.00416511
0.00415055
0.00367652
0.00366269
0.00326845
0.00325529
0.00292427
0.00291173
0.00263139
0.00261943
0.00238017
0.00236873
0.00216311
0.00215215
0.00197431
0.0019638
0.0018091
0.001799
0.00166371
0.001654
0.00153512
0.00152577
0.12032
0.107286
0.107156
0.0805233
0.0805279
0.057007
0.057004
0.0404533
0.0404402
0.0294589
0.0294407
0.0221149
0.022094
0.0170825
0.0170615
0.0135308
0.01351
0.0109507
0.0109308
0.00902733
0.00900837
0.00755997
0.007542
0.00641767
0.00640066
0.00551248
0.00549639
0.00478389
0.00476865
0.00418928
0.00417483
0.00369803
0.00368431
0.00328771
0.00327465
0.0029416
0.00292916
0.00264707
0.00263519
0.00239441
0.00238305
0.00217609
0.00216521
0.0019862
0.00197576
0.00182002
0.00180999
0.00167378
0.00166414
0.00154443
0.00153514
0.119658
0.106675
0.10665
0.0804305
0.0804353
0.0570574
0.0570547
0.0405605
0.0405477
0.0295704
0.0295525
0.0222153
0.0221949
0.0171692
0.0171483
0.0136043
0.0135837
0.0110132
0.0109934
0.00908057
0.00906176
0.0076057
0.00758786
0.00645724
0.00644035
0.00554698
0.005531
0.00481418
0.00479905
0.00421606
0.00420171
0.00372185
0.00370822
0.00330902
0.00329605
0.00296077
0.00294841
0.00266439
0.00265259
0.00241014
0.00239885
0.00219043
0.00217962
0.00199932
0.00198895
0.00183208
0.00182211
0.00168489
0.00167531
0.0015547
0.00154547
0.118997
0.106067
0.106243
0.0803152
0.08032
0.0571036
0.0571045
0.0406629
0.0406486
0.029678
0.0296607
0.0223125
0.0222924
0.0172534
0.0172326
0.013676
0.0136556
0.0110741
0.0110546
0.00913262
0.00911396
0.00765043
0.00763274
0.00649597
0.00647922
0.00558076
0.00556491
0.00484386
0.00482883
0.00424231
0.00422805
0.00374521
0.00373166
0.00332992
0.00331703
0.00297957
0.00296729
0.00268139
0.00266966
0.00242557
0.00241435
0.00220451
0.00219376
0.00201221
0.0020019
0.00184391
0.001834
0.0016958
0.00168627
0.00156478
0.0015556
0.118333
0.105653
0.105827
0.0801741
0.0801648
0.0571333
0.0571248
0.0407567
0.0407455
0.0297802
0.0297617
0.0224059
0.0223862
0.0173343
0.0173138
0.0137451
0.013725
0.0111331
0.0111137
0.00918303
0.00916455
0.00769381
0.00767625
0.00653357
0.00651694
0.00561358
0.00559783
0.0048727
0.00485778
0.00426782
0.00425366
0.00376792
0.00375446
0.00335025
0.00333744
0.00299786
0.00298566
0.00269793
0.00268627
0.00244059
0.00242944
0.00221821
0.00220753
0.00202475
0.0020145
0.00185543
0.00184558
0.00170642
0.00169695
0.0015746
0.00156548
0.117697
0.105358
0.105139
0.0800161
0.0800634
0.0571788
0.0571833
0.0408516
0.0408425
0.0298846
0.0298677
0.0225014
0.0224818
0.0174169
0.0173968
0.0138157
0.0137958
0.0111932
0.011174
0.00923439
0.00921605
0.007738
0.00772058
0.00657186
0.00655535
0.00564699
0.00563136
0.00490206
0.00488724
0.00429379
0.00427973
0.00379103
0.00377767
0.00337094
0.00335822
0.00301648
0.00300435
0.00271476
0.00270318
0.00245588
0.0024448
0.00223215
0.00222154
0.00203751
0.00202733
0.00186716
0.00185737
0.00171723
0.00170781
0.00158459
0.00157552
0.117021
0.104825
0.104994
0.0799067
0.0798979
0.057203
0.057195
0.0409336
0.0409249
0.0299749
0.029957
0.0225858
0.0225662
0.0174913
0.017471
0.0138795
0.0138599
0.0112478
0.0112287
0.00928126
0.00926312
0.00777845
0.00776118
0.00660697
0.00659059
0.00567768
0.00566217
0.00492907
0.00491436
0.00431771
0.00430374
0.00381233
0.00379906
0.00339002
0.00337738
0.00303366
0.00302161
0.0027303
0.00271879
0.00247
0.00245899
0.00224503
0.00223448
0.0020493
0.00203918
0.00187799
0.00186827
0.00172721
0.00171786
0.00159383
0.00158481
0.116396
0.104525
0.104502
0.07974
0.0797313
0.0572315
0.0572238
0.0410219
0.0410098
0.0300724
0.030056
0.0226764
0.0226571
0.0175705
0.0175505
0.0139474
0.0139278
0.0113057
0.0112868
0.00933088
0.00931286
0.00782119
0.00780406
0.00664405
0.00662779
0.00571006
0.00569466
0.00495754
0.00494293
0.00434291
0.00432903
0.00383477
0.00382159
0.00341011
0.00339756
0.00305174
0.00303977
0.00274666
0.00273522
0.00248486
0.00247392
0.00225858
0.0022481
0.00206171
0.00205165
0.00188939
0.00187973
0.00173772
0.00172842
0.00160355
0.00159458
0.115747
0.104197
0.104175
0.0795777
0.0795966
0.0572476
0.0572401
0.0410963
0.0410899
0.0301608
0.0301454
0.0227593
0.0227402
0.0176438
0.0176239
0.0140105
0.0139911
0.0113599
0.0113412
0.00937739
0.00935951
0.00786134
0.00784432
0.00667891
0.00666278
0.00574055
0.00572526
0.00498438
0.00496987
0.00436668
0.0043529
0.00385595
0.00384285
0.00342909
0.00341661
0.00306883
0.00305693
0.00276211
0.00275075
0.0024989
0.00248803
0.0022714
0.00226098
0.00207345
0.00206345
0.00190018
0.00189057
0.00174767
0.00173842
0.00161274
0.00160383
0.115157
0.103729
0.103707
0.0794208
0.0794939
0.0572851
0.0572779
0.0411873
0.0411777
0.0302608
0.0302437
0.0228509
0.022832
0.0177232
0.017704
0.0140788
0.0140596
0.0114182
0.0113996
0.00942737
0.00940963
0.0079044
0.00788752
0.00671627
0.00670024
0.00577319
0.005758
0.00501309
0.00499867
0.00439209
0.0043784
0.00387858
0.00386556
0.00344935
0.00343695
0.00308707
0.00307524
0.00277861
0.00276731
0.00251389
0.00250308
0.00228507
0.00227471
0.00208597
0.00207602
0.00191168
0.00190212
0.00175827
0.00174908
0.00162255
0.00161369
0.114571
0.103262
0.103241
0.0793406
0.0793595
0.0573175
0.0573043
0.0412725
0.0412668
0.0303558
0.0303403
0.0229403
0.0229214
0.0178011
0.0177821
0.0141456
0.0141267
0.0114755
0.0114571
0.00947648
0.00945886
0.00794675
0.00793
0.00675304
0.00673713
0.00580532
0.00579023
0.00504136
0.00502704
0.00441712
0.00440352
0.00390088
0.00388794
0.00346932
0.003457
0.00310505
0.00309329
0.00279488
0.00278364
0.00252867
0.00251792
0.00229855
0.00228825
0.00209831
0.00208842
0.00192302
0.00191352
0.00176873
0.00175958
0.00163222
0.00162341
0.11402
0.102647
0.102805
0.0792241
0.0792429
0.0573424
0.0573606
0.0413707
0.0413598
0.0304583
0.0304424
0.0230326
0.0230149
0.0178825
0.0178635
0.0142153
0.0141964
0.0115348
0.0115166
0.00952738
0.00950994
0.00799063
0.00797401
0.0067911
0.00677531
0.00583859
0.0058236
0.00507061
0.00505638
0.00444302
0.0044295
0.00392394
0.00391108
0.00348997
0.00347772
0.00312364
0.00311195
0.00281169
0.00280052
0.00254395
0.00253326
0.00231248
0.00230224
0.00211107
0.00210124
0.00193475
0.0019253
0.00177954
0.00177044
0.00164221
0.00163345
0.113437
0.102182
0.102514
0.0791046
0.0790705
0.0573753
0.0573812
0.0414482
0.0414339
0.0305449
0.0305293
0.0231171
0.0230985
0.0179561
0.0179375
0.014279
0.0142604
0.0115896
0.0115715
0.00957442
0.00955712
0.00803128
0.00801477
0.00682643
0.00681075
0.00586949
0.00585461
0.00509783
0.0050837
0.00446713
0.0044537
0.00394543
0.00393265
0.00350923
0.00349706
0.00314098
0.00312937
0.00282739
0.00281628
0.00255821
0.00254758
0.0023255
0.00231531
0.00212299
0.00211321
0.0019457
0.00193631
0.00178964
0.00178059
0.00165155
0.00164284
0.112865
0.101899
0.102053
0.0789335
0.0789783
0.0573825
0.0573825
0.041521
0.0415106
0.0306332
0.0306179
0.0231995
0.0231818
0.0180296
0.0180111
0.0143425
0.0143239
0.011644
0.0116262
0.00962128
0.00960413
0.00807178
0.00805538
0.00686164
0.00684606
0.00590029
0.00588551
0.00512496
0.00511091
0.00449117
0.00447783
0.00396686
0.00395416
0.00352843
0.00351633
0.00315828
0.00314673
0.00284304
0.002832
0.00257243
0.00256187
0.00233848
0.00232835
0.00213488
0.00212516
0.00195663
0.00194729
0.00179971
0.00179072
0.00166087
0.0016522
0.112341
0.101482
0.101461
0.0788165
0.0788351
0.0574265
0.0574267
0.0416102
0.0416
0.0307309
0.0307164
0.0232898
0.0232723
0.0181086
0.0180902
0.0144102
0.014392
0.0117022
0.0116844
0.00967118
0.00965413
0.00811481
0.00809855
0.00689902
0.00688354
0.00593298
0.00591829
0.00515372
0.00513976
0.00451665
0.00450338
0.00398956
0.00397693
0.00354877
0.00353673
0.00317659
0.0031651
0.0028596
0.00284862
0.00258748
0.00257698
0.00235221
0.00234214
0.00214746
0.00213778
0.00196819
0.00195889
0.00181037
0.00180142
0.00167072
0.0016621
0.111787
0.101205
0.101015
0.0786719
0.0786904
0.0574426
0.0574369
0.0416813
0.0416733
0.0308153
0.0308011
0.0233707
0.0233535
0.0181806
0.0181624
0.0144726
0.0144544
0.0117558
0.0117382
0.00971736
0.00970044
0.00815475
0.0081386
0.00693377
0.00691842
0.0059634
0.00594881
0.00518053
0.00516666
0.00454041
0.00452723
0.00401075
0.00399819
0.00356776
0.0035558
0.0031937
0.00318228
0.00287509
0.00286417
0.00260156
0.00259111
0.00236506
0.00235504
0.00215922
0.00214961
0.00197901
0.00196976
0.00182035
0.00181145
0.00167995
0.00167137
0.111199
0.101059
0.100703
0.0785225
0.078541
0.0574228
0.0574293
0.0417383
0.0417305
0.0308877
0.0308737
0.0234421
0.0234248
0.0182447
0.0182269
0.0145288
0.0145108
0.0118044
0.011787
0.00975943
0.00974265
0.00819123
0.00817521
0.00696559
0.00695035
0.00599132
0.00597684
0.00520516
0.00519139
0.00456227
0.00454918
0.00403025
0.00401778
0.00358526
0.00357337
0.00320947
0.00319813
0.00288937
0.00287852
0.00261455
0.00260417
0.00237692
0.00236696
0.00217009
0.00216053
0.001989
0.00197981
0.00182956
0.00182071
0.00168848
0.00167995
0.11072
0.100175
0.100485
0.0784189
0.0784121
0.0574656
0.0574783
0.0418262
0.0418204
0.0309856
0.0309725
0.0235328
0.0235165
0.0183248
0.0183071
0.0145975
0.0145797
0.0118633
0.011846
0.00981004
0.00979336
0.00823493
0.00821901
0.00700354
0.00698839
0.00602451
0.0060101
0.00523437
0.00522068
0.00458815
0.00457512
0.00405331
0.0040409
0.00360592
0.00359409
0.00322808
0.00321679
0.0029062
0.00289541
0.00262985
0.00261951
0.00239088
0.00238097
0.00218287
0.00217336
0.00200075
0.0019916
0.00184039
0.00183159
0.00169849
0.00169001
0.110184
0.0999026
0.100046
0.0782944
0.0783127
0.0574732
0.057474
0.0418898
0.0418843
0.0310654
0.031052
0.0236096
0.0235933
0.0183934
0.0183758
0.0146572
0.0146397
0.0119149
0.0118978
0.00985453
0.00983802
0.00827353
0.00825776
0.00703717
0.00702213
0.00605398
0.00603967
0.00526036
0.00524676
0.00461121
0.00459826
0.00407388
0.00406155
0.00362436
0.00361261
0.0032447
0.00323348
0.00292126
0.00291052
0.00264354
0.00263326
0.00240337
0.00239352
0.00219432
0.00218486
0.00201127
0.00200217
0.0018501
0.00184134
0.00170747
0.00169903
0.109696
0.0995074
0.099649
0.0781235
0.078117
0.057488
0.0574949
0.0419741
0.0419617
0.0311546
0.031142
0.0236943
0.0236779
0.0184679
0.0184505
0.0147218
0.0147044
0.0119705
0.0119534
0.00990235
0.00988591
0.00831488
0.00829919
0.00707313
0.00705818
0.00608547
0.00607124
0.00528811
0.00527458
0.0046358
0.00462292
0.0040958
0.00408354
0.00364402
0.00363233
0.00326241
0.00325125
0.00293729
0.00292661
0.00265811
0.00264788
0.00241667
0.00240686
0.0022065
0.00219709
0.00202247
0.00201342
0.00186043
0.00185171
0.00171703
0.00170863
0.109075
0.0996272
0.0996083
0.0779517
0.0778718
0.0574455
0.0574466
0.0419906
0.041989
0.0312032
0.0311908
0.0237465
0.0237307
0.0185179
0.0185006
0.014767
0.0147498
0.0120102
0.0119933
0.00993706
0.00992079
0.00834523
0.00832967
0.00709978
0.00708495
0.00610895
0.00609482
0.00530889
0.00529546
0.00465429
0.00464151
0.00411235
0.00410017
0.00365889
0.00364728
0.00327583
0.00326474
0.00294946
0.00293885
0.00266919
0.00265903
0.00242679
0.00241705
0.00221579
0.00220644
0.00203101
0.00202202
0.00186831
0.00185965
0.00172433
0.00171598
0.108693
0.0990024
0.0986705
0.0778713
0.0778408
0.0575113
0.0575126
0.0421034
0.0420949
0.0313154
0.031302
0.0238487
0.023833
0.0186068
0.0185901
0.0148427
0.0148257
0.0120748
0.012058
0.00999254
0.00997637
0.00839304
0.00837755
0.00714126
0.0071265
0.00614518
0.00613114
0.00534077
0.00532742
0.00468252
0.0046698
0.00413749
0.00412537
0.00368141
0.00366985
0.00329611
0.00328507
0.0029678
0.00295724
0.00268585
0.00267574
0.002442
0.0024323
0.00222972
0.0022204
0.00204381
0.00203485
0.00188011
0.00187148
0.00173523
0.00172692
0.108202
0.0982876
0.0985783
0.0777568
0.0777749
0.0575147
0.0575161
0.04217
0.0421582
0.0313945
0.0313838
0.0239253
0.0239098
0.0186749
0.0186581
0.0149024
0.0148852
0.0121264
0.0121098
0.0100371
0.010021
0.00843167
0.0084163
0.00717496
0.0071603
0.00617474
0.00616079
0.00536686
0.00535358
0.00470567
0.00469302
0.00415815
0.0041461
0.00369994
0.00368844
0.00331282
0.00330183
0.00298293
0.00297242
0.00269961
0.00268955
0.00245456
0.00244491
0.00224123
0.00223196
0.00205439
0.00204548
0.00188987
0.00188129
0.00174427
0.00173599
0.107717
0.0981957
0.0978726
0.0776416
0.0776596
0.0575513
0.0575412
0.0422242
0.0422304
0.0314722
0.0314592
0.0240008
0.023985
0.0187425
0.018726
0.0149614
0.0149446
0.0121776
0.012161
0.0100813
0.0100654
0.00847005
0.00845479
0.00720842
0.00719385
0.00620411
0.00619022
0.00539275
0.00537956
0.00472866
0.00471609
0.00417867
0.00416669
0.00371835
0.00370692
0.00332941
0.00331849
0.00299796
0.00298751
0.00271328
0.00270327
0.00246704
0.00245744
0.00225266
0.00224344
0.00206491
0.00205604
0.00189958
0.00189104
0.00175324
0.00174501
0.107154
0.0980247
0.0980068
0.0774173
0.0774825
0.0574825
0.0575075
0.0422611
0.0422533
0.0315237
0.0315109
0.0240563
0.0240402
0.0187948
0.0187782
0.015008
0.0149914
0.0122186
0.0122022
0.0101171
0.0101014
0.00850142
0.00848624
0.00723592
0.00722145
0.00622833
0.00621455
0.00541421
0.00540109
0.00474775
0.00473526
0.00419574
0.00418383
0.0037337
0.00372233
0.00334327
0.00333241
0.00301052
0.00300013
0.00272472
0.00271477
0.0024775
0.00246795
0.00226225
0.00225308
0.00207373
0.00206491
0.00190772
0.00189922
0.00176078
0.00175259
0.106692
0.0976384
0.0976207
0.0773085
0.0773733
0.0574977
0.0574996
0.0423196
0.042312
0.0315991
0.0315878
0.024131
0.0241161
0.0188624
0.0188463
0.0150673
0.0150507
0.0122698
0.0122536
0.0101616
0.0101459
0.0085399
0.00852484
0.00726954
0.00725515
0.00625782
0.00624413
0.00544024
0.00542721
0.00477086
0.00475844
0.00421638
0.00420453
0.00375221
0.00374091
0.00335996
0.00334916
0.00302564
0.00301531
0.00273847
0.00272857
0.00249005
0.00248055
0.00227376
0.00226463
0.00208431
0.00207554
0.00191748
0.00190903
0.00176981
0.00176166
0.106282
0.0967097
0.0975767
0.0771852
0.0772029
0.0575126
0.0575376
0.0423978
0.0423939
0.0316904
0.0316781
0.024215
0.0241997
0.0189376
0.0189215
0.0151323
0.0151158
0.0123258
0.0123098
0.0102099
0.0101943
0.00858175
0.00856685
0.00730599
0.0072917
0.00628976
0.00627616
0.00546842
0.00545545
0.00479586
0.0047835
0.00423867
0.00422688
0.0037722
0.00376095
0.00337798
0.00336723
0.00304195
0.00303167
0.0027533
0.00274345
0.00250359
0.00249414
0.00228617
0.00227708
0.00209572
0.00208698
0.001928
0.00191959
0.00177954
0.00177143
0.105759
0.097146
0.0968361
0.0771151
0.0770403
0.0574852
0.0574873
0.042431
0.0424308
0.0317428
0.0317307
0.0242721
0.0242566
0.0189906
0.0189749
0.01518
0.0151638
0.0123678
0.0123519
0.0102466
0.0102311
0.00861384
0.00859904
0.00733411
0.00731993
0.00631456
0.00630102
0.00549035
0.00547747
0.00481538
0.00480309
0.00425613
0.00424442
0.00378789
0.00377671
0.00339215
0.00338146
0.0030548
0.00304457
0.002765
0.0027552
0.00251429
0.00250488
0.00229597
0.00228694
0.00210474
0.00209605
0.00193633
0.00192796
0.00178725
0.00177918
0.105289
0.0970363
0.09644
0.0769399
0.0769117
0.057459
0.057484
0.0424849
0.042471
0.0318118
0.0317974
0.0243391
0.0243242
0.0190518
0.0190356
0.0152339
0.0152179
0.0124148
0.012399
0.0102874
0.010272
0.00864945
0.00863474
0.00736524
0.00735116
0.00634193
0.00632847
0.00551456
0.00550175
0.00483689
0.00482467
0.00427535
0.0042637
0.00380515
0.00379403
0.00340772
0.00339709
0.00306891
0.00305874
0.00277785
0.0027681
0.00252602
0.00251666
0.00230673
0.00229774
0.00211464
0.00210599
0.00194546
0.00193713
0.0017957
0.00178767
0.104921
0.0961529
0.0961361
0.0768353
0.0768074
0.0575067
0.0575091
0.0425693
0.0425625
0.0319038
0.031892
0.0244269
0.0244128
0.0191295
0.0191137
0.0153012
0.0152852
0.0124727
0.012457
0.0103374
0.0103221
0.00869268
0.008678
0.00740289
0.00738889
0.00637492
0.00636153
0.00554364
0.00553089
0.00486269
0.00485053
0.00429836
0.00428677
0.00382579
0.00381472
0.00342632
0.00341574
0.00308575
0.00307562
0.00279316
0.00278345
0.00254
0.00253068
0.00231954
0.00231058
0.00212641
0.0021178
0.00195632
0.00194802
0.00180575
0.00179775
0.104488
0.0957878
0.0957712
0.0766791
0.0766965
0.0575254
0.0575279
0.0426305
0.0426203
0.0319755
0.0319652
0.0244979
0.0244839
0.0191939
0.0191784
0.0153578
0.015342
0.012522
0.0125064
0.01038
0.0103649
0.00872981
0.00871524
0.00743537
0.00742141
0.00640343
0.00639015
0.00556884
0.00555617
0.00488508
0.00487299
0.00431837
0.00430683
0.00384375
0.00383274
0.00344252
0.00343199
0.00310044
0.00309036
0.00280652
0.00279686
0.0025522
0.00254293
0.00233072
0.00232181
0.00213671
0.00212813
0.00196581
0.00195756
0.00181453
0.00180657
0.104056
0.0954239
0.0956857
0.0764318
0.0765382
0.0575071
0.0575097
0.0426715
0.0426616
0.0320439
0.0320313
0.0245663
0.0245509
0.0192566
0.0192415
0.0154133
0.0153973
0.0125702
0.0125547
0.010422
0.0104069
0.00876638
0.00875192
0.00746734
0.00745352
0.00643156
0.00641835
0.00559371
0.00558111
0.00490718
0.00489516
0.00433811
0.00432665
0.00386149
0.00385053
0.00345853
0.00344805
0.00311495
0.00310492
0.00281972
0.00281011
0.00256426
0.00255503
0.00234178
0.00233291
0.00214688
0.00213835
0.0019752
0.00196698
0.00182322
0.0018153
0.10363
0.0953385
0.0950476
0.0763629
0.0764244
0.0574987
0.0575014
0.042725
0.0427187
0.032111
0.0321011
0.0246342
0.024621
0.019319
0.0193036
0.015468
0.0154527
0.0126181
0.0126028
0.0104636
0.0104488
0.00880268
0.00878833
0.00749913
0.00748537
0.0064595
0.00644636
0.00561842
0.00560588
0.00492915
0.00491719
0.00435774
0.00434633
0.00387912
0.00386822
0.00347444
0.00346401
0.00312936
0.00311938
0.00283284
0.00282328
0.00257625
0.00256707
0.00235277
0.00234395
0.00215699
0.0021485
0.00198453
0.00197635
0.00183186
0.00182397
0.103183
0.0949555
0.0949395
0.0762741
0.0762473
0.0574969
0.0574887
0.0427595
0.0427638
0.0321715
0.0321593
0.0246956
0.0246821
0.0193755
0.0193609
0.0155188
0.0155033
0.0126625
0.0126473
0.0105024
0.0104877
0.00883662
0.00882231
0.00752881
0.00751514
0.00648567
0.0064726
0.00564157
0.0056291
0.00494975
0.00493786
0.00437617
0.00436482
0.00389568
0.00388484
0.00348939
0.00347902
0.00314292
0.00313299
0.00284519
0.00283566
0.00258753
0.00257839
0.00236312
0.00235434
0.00216651
0.00215806
0.00199332
0.00198518
0.00183999
0.00183214
0.102724
0.0945598
0.0950843
0.0761273
0.0760574
0.0574505
0.0574645
0.0427955
0.0427827
0.0322227
0.0322119
0.0247518
0.0247385
0.0194281
0.0194135
0.015566
0.0155508
0.0127042
0.0126892
0.010539
0.0105243
0.00886858
0.00885442
0.00755691
0.00754336
0.00651046
0.00649748
0.00566355
0.00565117
0.00496933
0.00495751
0.0043937
0.00438241
0.00391144
0.00390065
0.00350362
0.00349331
0.00315583
0.00314595
0.00285695
0.00284748
0.00259828
0.00258919
0.00237298
0.00236424
0.00217559
0.00216718
0.0020017
0.0019936
0.00184775
0.00183994
0.102407
0.0937666
0.0945456
0.0759961
0.0760563
0.057502
0.0574941
0.0428773
0.042875
0.0323161
0.0323055
0.0248388
0.0248267
0.0195064
0.0194914
0.0156337
0.0156187
0.0127626
0.0127476
0.0105894
0.0105748
0.00891227
0.00889814
0.007595
0.00758148
0.00654384
0.00653092
0.005693
0.00568067
0.00499546
0.00498369
0.00441701
0.00440577
0.00393235
0.00392162
0.00352248
0.00351221
0.00317291
0.00316307
0.00287248
0.00286304
0.00261246
0.0026034
0.00238598
0.00237727
0.00218754
0.00217916
0.00201272
0.00200465
0.00185795
0.00185016
0.101979
0.0941906
0.0936505
0.0758233
0.0759259
0.0574987
0.0574909
0.0429234
0.0429144
0.0323735
0.0323655
0.0248982
0.0248863
0.019562
0.0195476
0.0156836
0.0156685
0.0128064
0.0127915
0.0106276
0.0106131
0.00894569
0.00893171
0.00762435
0.00761094
0.00656972
0.00655688
0.00571591
0.00570366
0.00501587
0.00500416
0.00443527
0.00442409
0.00394877
0.00393809
0.00353731
0.00352708
0.00318636
0.00317657
0.00288472
0.00287534
0.00262365
0.00261464
0.00239624
0.00238758
0.00219698
0.00218865
0.00202144
0.00201341
0.00186602
0.00185827
0.10162
0.0936221
0.0933483
0.0757829
0.0757573
0.0575079
0.0574893
0.0429743
0.0429688
0.0324498
0.0324383
0.0249728
0.02496
0.0196293
0.0196144
0.0157423
0.0157275
0.0128576
0.0128428
0.0106722
0.0106577
0.00898447
0.00897051
0.00765824
0.00764487
0.00659948
0.00658671
0.00574224
0.00573004
0.00503925
0.0050276
0.00445617
0.00444505
0.00396754
0.00395691
0.00355424
0.00354406
0.0032017
0.00319196
0.00289869
0.00288934
0.00263641
0.00262744
0.00240794
0.00239931
0.00220775
0.00219944
0.00203137
0.00202337
0.00187521
0.00186749
0.101236
0.0930381
0.0932786
0.075678
0.0756105
0.0574781
0.0574814
0.0430323
0.0430202
0.0325147
0.0325034
0.02504
0.0250263
0.01969
0.0196755
0.0157963
0.0157817
0.0129048
0.0128902
0.0107134
0.010699
0.00902044
0.00900657
0.00768976
0.00767649
0.00662724
0.00661455
0.00576679
0.00575466
0.00506112
0.00504952
0.00447571
0.00446464
0.0039851
0.00397452
0.00357009
0.00355997
0.00321608
0.00320638
0.00291177
0.00290247
0.00264837
0.00263944
0.00241891
0.00241032
0.00221784
0.00220957
0.00204069
0.00203272
0.00188383
0.00187615
0.100795
0.0931658
0.0931509
0.0753597
0.075418
0.0574338
0.0574479
0.0430492
0.0430406
0.0325612
0.0325488
0.0250911
0.0250771
0.0197383
0.0197249
0.0158401
0.0158257
0.0129441
0.0129293
0.0107477
0.0107335
0.00905068
0.00903686
0.00771637
0.00770317
0.00665077
0.00663815
0.00578769
0.00577561
0.00507973
0.00506822
0.0044924
0.00448139
0.00400012
0.00398959
0.00358367
0.00357359
0.0032284
0.00321875
0.00292301
0.00291375
0.00265864
0.00264975
0.00242834
0.00241979
0.00222652
0.00221829
0.0020487
0.00204077
0.00189126
0.00188361
0.100503
0.0926669
0.0921541
0.075359
0.075417
0.0574923
0.0575065
0.0431368
0.0431284
0.032651
0.0326412
0.0251749
0.0251631
0.0198139
0.019801
0.0159071
0.0158921
0.0130013
0.0129866
0.0107972
0.0107831
0.00909368
0.00907994
0.00775389
0.00774075
0.00668367
0.00667113
0.00581674
0.00580474
0.00510553
0.00509406
0.00451544
0.00450447
0.0040208
0.00401031
0.00360232
0.00359228
0.0032453
0.00323568
0.00293838
0.00292915
0.00267268
0.00266382
0.0024412
0.00243268
0.00223835
0.00223015
0.00205962
0.00205172
0.00190136
0.00189373
0.0999332
0.0929127
0.0928981
0.075146
0.0751214
0.0573669
0.0573386
0.0430886
0.0430939
0.0326455
0.0326409
0.0251892
0.0251755
0.0198341
0.0198205
0.015928
0.0159138
0.0130216
0.0130069
0.0108162
0.0108021
0.00911084
0.00909721
0.00776938
0.00775634
0.00669766
0.00668518
0.0058293
0.00581738
0.00511686
0.00510547
0.00452568
0.00451478
0.00403008
0.00401966
0.00361075
0.00360078
0.00325299
0.00324344
0.00294541
0.00293625
0.00267914
0.00267034
0.00244715
0.00243868
0.00224383
0.00223569
0.0020647
0.00205684
0.00190607
0.00189849
0.0996546
0.0919318
0.092409
0.075066
0.075205
0.0573838
0.0574192
0.0431694
0.0431613
0.0327375
0.032733
0.0252739
0.0252613
0.0199101
0.019897
0.0159938
0.0159795
0.0130788
0.0130645
0.0108656
0.0108517
0.0091538
0.00914028
0.00780696
0.00779398
0.0067306
0.00671817
0.0058584
0.00584653
0.0051427
0.00513136
0.00454876
0.0045379
0.00405079
0.00404041
0.00362944
0.0036195
0.00326992
0.0032604
0.00296081
0.00295168
0.00269321
0.00268443
0.00246004
0.0024516
0.00225569
0.00224757
0.00207564
0.00206781
0.0019162
0.00190864
0.0992979
0.0918679
0.0918537
0.0750868
0.0749007
0.0573948
0.057388
0.0432204
0.0432125
0.0327993
0.0327875
0.0253371
0.0253247
0.0199687
0.0199562
0.0160461
0.0160323
0.0131251
0.0131107
0.010906
0.0108921
0.00918905
0.00917569
0.00783789
0.00782499
0.00675787
0.00674553
0.00588257
0.00587076
0.00516423
0.00515293
0.00456801
0.00455722
0.0040681
0.00405777
0.00364508
0.00363518
0.0032841
0.00327462
0.00297373
0.00296464
0.00270501
0.00269628
0.00247087
0.00246247
0.00226566
0.00225758
0.00208484
0.00207705
0.00192471
0.00191719
0.0989445
0.0913217
0.0917882
0.074944
0.0747595
0.0573623
0.0573976
0.0432565
0.0432621
0.0328673
0.0328507
0.0254014
0.0253871
0.020027
0.0200142
0.0160989
0.0160849
0.0131706
0.0131568
0.010946
0.0109321
0.00922412
0.00921076
0.00786861
0.00785578
0.00678499
0.00677269
0.00590658
0.00589482
0.0051856
0.00517437
0.00458714
0.00457639
0.0040853
0.00407502
0.00366061
0.00365076
0.00329819
0.00328876
0.00298657
0.00297751
0.00271675
0.00270805
0.00248164
0.00247327
0.00227557
0.00226752
0.00209399
0.00208623
0.00193318
0.00192569
0.0984392
0.0911138
0.092546
0.0746836
0.0745804
0.0573219
0.0572945
0.0432365
0.0432423
0.0328651
0.032861
0.0254228
0.0254107
0.0200531
0.020041
0.0161252
0.0161108
0.0131954
0.0131813
0.0109684
0.0109548
0.00924424
0.00923114
0.00788669
0.00787395
0.00680118
0.00678896
0.00592109
0.00590941
0.00519865
0.00518747
0.0045989
0.00458822
0.00409594
0.00408572
0.00367027
0.00366048
0.00330699
0.00329761
0.00299461
0.0029856
0.00272412
0.00271547
0.00248841
0.0024801
0.00228182
0.00227381
0.00209977
0.00209205
0.00193855
0.0019311
0.0982922
0.0907631
0.0907494
0.0746927
0.0745902
0.0573826
0.0573762
0.043358
0.0433505
0.0329977
0.0329863
0.0255361
0.0255221
0.0201509
0.0201379
0.0162084
0.0161943
0.0132669
0.0132531
0.01103
0.0110164
0.00929753
0.00928441
0.007933
0.00792033
0.0068417
0.00682953
0.0059568
0.00594516
0.00523031
0.00521916
0.00462714
0.00461648
0.00412126
0.00411107
0.00369307
0.00368332
0.00332764
0.00331828
0.00301338
0.0030044
0.00274125
0.00273262
0.00250412
0.00249581
0.00229626
0.00228827
0.00211308
0.00210538
0.00195086
0.00194343
0.0978531
0.0906104
0.0910639
0.0743992
0.0744544
0.0573323
0.057326
0.0433613
0.0433673
0.0330228
0.0330166
0.0255699
0.0255581
0.0201882
0.0201753
0.0162435
0.0162298
0.0132987
0.013285
0.0110582
0.0110448
0.00932266
0.00930958
0.00795533
0.00794274
0.00686153
0.00684949
0.00597452
0.00596295
0.00524616
0.00523509
0.00464138
0.00463079
0.00413411
0.00412398
0.00370473
0.00369501
0.00333823
0.00332892
0.00302305
0.00301411
0.00275011
0.00274152
0.00251225
0.00250399
0.00230375
0.0022958
0.00212001
0.00211235
0.00195728
0.00194988
