0.283846
0.162049
0.161941
0.0709782
0.0706328
0.0367013
0.0363609
0.021922
0.0216264
0.0144575
0.0142039
0.0102172
0.00999752
0.00759261
0.00739983
0.00586032
0.00568901
0.00465889
0.00450498
0.00379228
0.00365268
0.00314699
0.00301934
0.00265373
0.00253619
0.00226829
0.0021594
0.00196141
0.00186
0.00171311
0.00161823
0.00150938
0.00142025
0.00134015
0.00125611
0.00119804
0.00111854
0.00107755
0.00100213
0.000974499
0.00090276
0.000885674
0.00081727
0.000808567
0.000743199
0.0007412
0.000678609
0.000681996
0.000621953
0.000629685
0.000571988
0.275303
0.161428
0.161352
0.0721624
0.0718495
0.0376017
0.0372839
0.0225331
0.022254
0.0148841
0.0146434
0.0105275
0.0103184
0.00782696
0.00764312
0.00604285
0.00587929
0.00480472
0.00465766
0.00391128
0.00377782
0.00324583
0.00312375
0.00273706
0.00262461
0.00233944
0.00223525
0.00202284
0.00192579
0.00176666
0.00167585
0.00155645
0.00147113
0.00138184
0.00130139
0.00123522
0.00115911
0.00111089
0.00103869
0.00100457
0.000935888
0.000912923
0.000847436
0.000833369
0.000770791
0.000763867
0.000703948
0.000702788
0.000645311
0.000648822
0.000593594
0.267522
0.160704
0.160653
0.0732386
0.0729543
0.0384497
0.038152
0.0231155
0.0228512
0.015293
0.0150638
0.010826
0.0106263
0.0080528
0.00787688
0.00621899
0.0060623
0.0049456
0.00480459
0.00402633
0.00389829
0.00334144
0.00322428
0.00281771
0.00270975
0.00240834
0.00230829
0.00208234
0.00198914
0.00181855
0.00173132
0.00160208
0.00152012
0.00142226
0.00134498
0.00127126
0.00119815
0.00114323
0.00107387
0.00103374
0.000967753
0.000939361
0.000876443
0.000857438
0.000797315
0.000785867
0.000728301
0.000722972
0.000667753
0.000667404
0.000614346
0.260394
0.1599
0.159869
0.0742191
0.07396
0.0392504
0.0389707
0.0236721
0.023421
0.015686
0.015467
0.0111138
0.0109224
0.00827096
0.00810214
0.00638937
0.00623882
0.00508199
0.00494641
0.0041378
0.00401462
0.00343414
0.00332136
0.00289593
0.00279199
0.00247519
0.00237884
0.0021401
0.00205032
0.00186893
0.0017849
0.00164639
0.00156743
0.00146153
0.00138706
0.00130629
0.00123584
0.00117467
0.00110782
0.00106209
0.000998508
0.000965065
0.000904435
0.000880842
0.000822904
0.000807263
0.000751789
0.000742606
0.000689394
0.000685481
0.000634353
0.253831
0.159034
0.159021
0.0751141
0.0748774
0.0400082
0.0397448
0.0242052
0.023966
0.0160644
0.0158548
0.0113918
0.011208
0.00848213
0.00831971
0.00655451
0.0064095
0.00521432
0.00508362
0.00424602
0.00412721
0.00352418
0.00341536
0.00297195
0.00287163
0.00254018
0.00244715
0.00219627
0.00210958
0.00191794
0.00183678
0.00168951
0.00161324
0.00149975
0.00142781
0.00134039
0.00127233
0.00120527
0.00114069
0.00108971
0.00102827
0.000990101
0.000931523
0.000903641
0.000847664
0.00082811
0.000774512
0.000761737
0.000710325
0.000703097
0.0006537
0.247762
0.158123
0.158124
0.0759323
0.0757157
0.0407268
0.0404781
0.0247166
0.0244883
0.0164296
0.0162284
0.0116608
0.011484
0.0086869
0.0085303
0.00671485
0.00657487
0.00534293
0.00521666
0.00435127
0.00423642
0.0036118
0.00350656
0.00304596
0.0029489
0.00260347
0.00251346
0.00225099
0.00216709
0.00196569
0.00188714
0.00173154
0.0016577
0.001537
0.00146736
0.00137363
0.00130774
0.00123511
0.00117258
0.00111664
0.00105715
0.00101452
0.000957801
0.000925885
0.00087168
0.000848451
0.00079655
0.000780407
0.000730622
0.000720291
0.000672457
0.242128
0.157177
0.15719
0.0766814
0.0764828
0.0414094
0.0411742
0.0252081
0.0249898
0.0167825
0.016589
0.0119216
0.0117511
0.00888577
0.00873449
0.00687077
0.00673539
0.0054681
0.00534588
0.00445378
0.00434255
0.00369718
0.00359521
0.0031181
0.00302404
0.0026652
0.00257793
0.00230437
0.00222301
0.00201229
0.00193611
0.00177255
0.00170094
0.00157337
0.00150582
0.0014061
0.00134217
0.00126425
0.00120359
0.00114294
0.00108523
0.00103838
0.000983346
0.000947616
0.000895024
0.000868326
0.000817968
0.000798651
0.000750345
0.000737096
0.000690682
0.236879
0.156207
0.156229
0.0773677
0.0771855
0.0420587
0.0418359
0.0256812
0.0254721
0.0171239
0.0169377
0.0121747
0.01201
0.00907918
0.00893278
0.0070226
0.00689144
0.0055901
0.00547159
0.00455376
0.00444584
0.0037805
0.00368153
0.00318854
0.00309721
0.00272547
0.00264073
0.00235651
0.00227749
0.00205781
0.00198381
0.00181263
0.00174306
0.00160892
0.00154328
0.00143783
0.00137571
0.00129275
0.0012338
0.00116867
0.00111258
0.00106171
0.00100822
0.000968873
0.000917756
0.000887769
0.000838822
0.0008165
0.000769548
0.000753538
0.000708424
0.231971
0.15522
0.15525
0.0779969
0.0778295
0.0426773
0.0424659
0.0261371
0.0259364
0.0174548
0.0172751
0.0124208
0.0122614
0.0092675
0.00912562
0.00717063
0.00704336
0.00570914
0.00559406
0.00465138
0.00454652
0.00386189
0.00376569
0.00325737
0.00316856
0.0027844
0.00270198
0.0024075
0.00233063
0.00210235
0.00203034
0.00185185
0.00178414
0.00164371
0.00157983
0.00146889
0.00140843
0.00132064
0.00126326
0.00119385
0.00113925
0.00108456
0.00103249
0.000989687
0.000939927
0.000906809
0.000859161
0.000833982
0.000788275
0.000769643
0.000725725
0.227371
0.154222
0.154259
0.0785742
0.0784203
0.0432672
0.0430664
0.026577
0.0263842
0.0177758
0.0176023
0.0126602
0.0125058
0.00945108
0.00931339
0.0073151
0.00719144
0.00582543
0.00571352
0.0047468
0.00464478
0.00394149
0.00384784
0.00332471
0.00323824
0.00284207
0.00276179
0.00245741
0.00238253
0.00214595
0.0020758
0.00189025
0.00182428
0.00167778
0.00161553
0.00149931
0.00144039
0.00134797
0.00129205
0.00121852
0.00116531
0.00110694
0.00105619
0.00101009
0.000961582
0.000925474
0.000879025
0.000851121
0.000806563
0.000785433
0.000742619
0.217017
0.151708
0.151758
0.0798174
0.0796924
0.044629
0.0444514
0.0276129
0.0274375
0.0185388
0.0183788
0.0132322
0.0130888
0.00989111
0.0097627
0.00766213
0.00754647
0.00610518
0.0060003
0.00497662
0.00488085
0.00413335
0.00404536
0.00348714
0.00340582
0.00298125
0.00290571
0.00257793
0.00250743
0.00225127
0.0021852
0.00198304
0.00192089
0.00176012
0.00170146
0.00157286
0.00151733
0.00141405
0.00136133
0.0012782
0.00122803
0.0011611
0.00111324
0.00105945
0.0010137
0.000970638
0.000926829
0.000892599
0.00085057
0.000823654
0.000783268
0.208018
0.149208
0.149266
0.0808189
0.0807171
0.0458486
0.0456906
0.0285677
0.0284073
0.0192515
0.0191032
0.0137704
0.0136365
0.0103071
0.0101866
0.00799118
0.00788233
0.006371
0.00627209
0.00519532
0.00510488
0.00431616
0.00423298
0.00364205
0.00356511
0.00311408
0.00304256
0.00269302
0.00262623
0.0023519
0.00228929
0.00207174
0.00201282
0.00183887
0.00178325
0.00164323
0.00159055
0.00147728
0.00142727
0.00133533
0.00128772
0.00121295
0.00116754
0.00110671
0.0010633
0.0010139
0.000972324
0.000932338
0.000892448
0.000860279
0.000821946
0.2001
0.146756
0.146819
0.081622
0.0815394
0.0469458
0.0468046
0.0294519
0.0293043
0.0199202
0.0197819
0.0142791
0.0141534
0.010702
0.0105884
0.0083045
0.00820155
0.00662463
0.00653089
0.00540431
0.00531848
0.00449106
0.00441202
0.00379038
0.00371722
0.00324137
0.00317332
0.00280337
0.00273979
0.00244844
0.00238881
0.00215687
0.00210074
0.00191448
0.00186147
0.0017108
0.0016606
0.00153803
0.00149035
0.00139022
0.00134483
0.00126279
0.00121948
0.00115216
0.00111076
0.0010555
0.00101584
0.000970555
0.000932505
0.000895508
0.00085894
0.193062
0.144369
0.144435
0.0822609
0.0821942
0.0479365
0.0478098
0.0302735
0.0301373
0.0205498
0.0204205
0.0147616
0.0146431
0.0110782
0.0109706
0.00860385
0.00850609
0.00686746
0.00677827
0.00560471
0.00552292
0.00465895
0.00458355
0.0039329
0.00386305
0.00336376
0.00329874
0.00290953
0.00284876
0.00254135
0.00248433
0.00223884
0.00218515
0.0019873
0.00193658
0.00177591
0.00172786
0.00159657
0.00155094
0.00144314
0.00139968
0.00131084
0.00126938
0.00119598
0.00115633
0.00109562
0.00105764
0.00100743
0.000970981
0.000929501
0.000894473
0.186751
0.142058
0.142126
0.0827627
0.0827092
0.0488337
0.0487196
0.0310395
0.0309133
0.0211445
0.0210231
0.0152206
0.0151085
0.0114376
0.0113354
0.00889071
0.00879755
0.00710063
0.00701546
0.00579742
0.0057192
0.00482057
0.00474839
0.00407022
0.0040033
0.00348176
0.00341943
0.00301195
0.00295366
0.00263103
0.00257632
0.00231799
0.00226645
0.00205764
0.00200894
0.00183882
0.00179267
0.00165315
0.00160932
0.00149429
0.00145254
0.0013573
0.00131746
0.00123836
0.00120026
0.00113443
0.00109793
0.00104309
0.00100806
0.000962388
0.000928719
0.181051
0.139828
0.139896
0.0831491
0.0831067
0.0496482
0.0495452
0.0317555
0.0316382
0.0217076
0.0215933
0.0156583
0.015552
0.011782
0.0116846
0.00916628
0.00907725
0.00732507
0.00724351
0.00598318
0.00590817
0.00497654
0.00490725
0.00420286
0.00413855
0.00359581
0.00353588
0.00311099
0.00305492
0.0027178
0.00266514
0.00239459
0.00234497
0.00212574
0.00207885
0.00189974
0.00185529
0.00170796
0.00166573
0.00154385
0.00150362
0.00140232
0.00136393
0.00127944
0.00124272
0.00117205
0.00113687
0.00107767
0.00104391
0.000994278
0.000961821
0.175868
0.137681
0.137748
0.0834378
0.0834049
0.0503891
0.050296
0.0324263
0.032317
0.0222421
0.0221341
0.0160767
0.0159756
0.0121125
0.0120194
0.00943156
0.00934626
0.00754156
0.00746326
0.00616262
0.0060905
0.00512738
0.00506068
0.00433123
0.00426928
0.00370627
0.0036485
0.00320697
0.00315289
0.00280191
0.00275111
0.00246888
0.00242099
0.00219181
0.00214654
0.00195886
0.00191594
0.00176116
0.00172038
0.00159196
0.00155311
0.00144604
0.00140895
0.00131933
0.00128385
0.00120859
0.0011746
0.00111127
0.00107864
0.00102526
0.000993894
0.171128
0.135615
0.135682
0.0836436
0.0836188
0.0510641
0.0509798
0.033056
0.032954
0.0227503
0.0226481
0.0164773
0.016381
0.0124304
0.0123413
0.00968743
0.00960552
0.00775078
0.00767544
0.00633629
0.0062668
0.00527351
0.00520918
0.0044557
0.0043959
0.00381344
0.00375764
0.00330014
0.00324788
0.00288361
0.00283449
0.00254106
0.00249474
0.00225601
0.00221222
0.00201633
0.0019748
0.00181289
0.00177341
0.00163876
0.00160115
0.00148857
0.00145266
0.00135814
0.00132379
0.00124415
0.00121123
0.00114396
0.00111236
0.00105542
0.00102504
0.166772
0.13363
0.133695
0.0837786
0.0837606
0.05168
0.0516036
0.0336482
0.0335527
0.0232344
0.0231375
0.0168616
0.0167696
0.0127366
0.0126511
0.00993462
0.00985581
0.0079533
0.00788067
0.00650463
0.00643755
0.00541532
0.00535314
0.00457659
0.00451875
0.0039176
0.00386359
0.00339074
0.00334013
0.00296308
0.00291549
0.0026113
0.00256641
0.00231852
0.00227606
0.00207229
0.00203202
0.00186327
0.00182499
0.00168434
0.00164786
0.00153
0.00149517
0.00139596
0.00136263
0.00127881
0.00124686
0.00117582
0.00114516
0.00108482
0.00105533
0.16275
0.131722
0.131786
0.0838528
0.0838408
0.0522426
0.0521732
0.0342059
0.0341164
0.0236962
0.0236042
0.0172308
0.0171428
0.013032
0.0129499
0.0101738
0.0100978
0.00814962
0.00807949
0.00666805
0.00660318
0.00555312
0.00549293
0.00469416
0.00463812
0.00401897
0.00396661
0.00347895
0.00342986
0.00304049
0.00299432
0.00267974
0.00263617
0.00237944
0.00233822
0.00212685
0.00208774
0.0019124
0.00187521
0.0017288
0.00169336
0.00157043
0.00153658
0.00143286
0.00140047
0.00131262
0.00128158
0.00120692
0.00117712
0.00111351
0.00108485
0.30182
0.162698
0.162693
0.068354
0.068201
0.0347859
0.0346288
0.0206257
0.0204882
0.0135462
0.0134279
0.00954683
0.0094443
0.00707998
0.00698996
0.00545566
0.00537565
0.00433109
0.0042592
0.00352104
0.00345583
0.00291855
0.00285893
0.00245846
0.00240356
0.00209924
0.00204839
0.00181345
0.00176611
0.00158239
0.00153811
0.00139293
0.00135134
0.00123565
0.00119644
0.00110366
0.00106658
0.000991808
0.000956645
0.000896203
0.000862764
0.000813839
0.000781966
0.000742379
0.000711932
0.000679978
0.000650835
0.000625166
0.000597221
0.00057676
0.000549918
0.289453
0.162281
0.162291
0.0700786
0.0699432
0.0360185
0.0358735
0.0214456
0.0213168
0.0141135
0.0140019
0.0099578
0.00986072
0.00738964
0.00730421
0.00569661
0.00562057
0.00452354
0.00445514
0.0036781
0.00361602
0.00304906
0.00299226
0.00256854
0.00251623
0.0021933
0.00214483
0.00189473
0.00184959
0.0016533
0.00161106
0.00145532
0.00141564
0.00129096
0.00125355
0.00115302
0.00111764
0.00103612
0.00100257
0.000936201
0.00090429
0.000850119
0.0008197
0.000775432
0.000746373
0.000710214
0.000682399
0.000652928
0.000626255
0.000602337
0.000576716
0.278511
0.16162
0.16164
0.0716098
0.0714896
0.0371611
0.0370267
0.0222168
0.0220957
0.0146508
0.0145452
0.0103486
0.0102563
0.00768478
0.00760338
0.00592662
0.00585405
0.00470746
0.00464212
0.00382832
0.00376897
0.00317394
0.00311962
0.00267394
0.00262388
0.0022834
0.00223701
0.0019726
0.00192939
0.00172126
0.00168081
0.00151513
0.00147713
0.00134399
0.00130816
0.00120035
0.00116646
0.00107863
0.00104648
0.000974572
0.000943998
0.000884927
0.000855781
0.00080715
0.000779304
0.000739232
0.000712577
0.000679574
0.000654013
0.000626889
0.000602335
0.268742
0.16078
0.160807
0.0729745
0.0728674
0.0382244
0.0380995
0.0229451
0.0228308
0.0151617
0.0150614
0.0107215
0.0106335
0.00796713
0.00788932
0.006147
0.00607752
0.00488386
0.00482125
0.00397252
0.0039156
0.0032939
0.00324177
0.00277523
0.00272717
0.00237002
0.00232546
0.00204749
0.00200598
0.00178663
0.00174777
0.00157267
0.00153616
0.00139502
0.00136059
0.00124591
0.00121334
0.00111954
0.00108864
0.00101151
0.000982123
0.000918445
0.000890424
0.000837694
0.000810923
0.000767179
0.000741551
0.00070524
0.000680662
0.00065054
0.00062693
0.259953
0.159808
0.159842
0.0741942
0.0740987
0.0392173
0.0391008
0.0236351
0.0235269
0.0156491
0.0155534
0.0110786
0.0109944
0.0082381
0.0081635
0.00635881
0.00629211
0.0050536
0.00499342
0.00411137
0.00405663
0.00340948
0.00335932
0.00287286
0.0028266
0.00245354
0.00241063
0.00211973
0.00207974
0.0018497
0.00181226
0.0016282
0.00159302
0.00144428
0.00141109
0.00128989
0.0012585
0.00115905
0.00112926
0.00104719
0.00101885
0.000950816
0.0009238
0.000867197
0.000841384
0.000794176
0.000769465
0.000730035
0.000706336
0.000673391
0.000650624
0.251993
0.158742
0.15878
0.0752867
0.0752014
0.040147
0.0400381
0.0242905
0.0241879
0.0161152
0.0160238
0.0114214
0.0113407
0.00849882
0.00842713
0.00656293
0.00649873
0.00521734
0.00515935
0.00424542
0.00419264
0.00352113
0.00347273
0.00296722
0.00292257
0.00253429
0.00249286
0.00218959
0.00215097
0.00191071
0.00187455
0.00168193
0.00164794
0.00149195
0.00145988
0.00133246
0.00130212
0.00119729
0.0011685
0.00108173
0.00105434
0.000982158
0.000956047
0.000895765
0.000870815
0.000820321
0.000796434
0.00075405
0.00073114
0.000695524
0.000673515
0.244739
0.157607
0.157649
0.0762671
0.0761907
0.0410196
0.0409176
0.0249146
0.0248171
0.016562
0.0164746
0.0117513
0.0116737
0.00875027
0.00868122
0.00676009
0.00669816
0.00537566
0.00531967
0.00437514
0.00432413
0.00362923
0.00358244
0.00305862
0.00301543
0.00261253
0.00257245
0.0022573
0.00221992
0.00196986
0.00193485
0.00173403
0.00170112
0.00153818
0.00150713
0.00137375
0.00134438
0.00123439
0.00120651
0.00111524
0.00108871
0.00101257
0.00098728
0.00092349
0.000899321
0.000845696
0.000822556
0.00077736
0.000755166
0.000717009
0.000695687
0.238095
0.156425
0.156469
0.0771481
0.0770798
0.0418405
0.0417448
0.0255102
0.0254173
0.0169913
0.0169074
0.0120694
0.0119947
0.00899328
0.00892665
0.00695091
0.00689106
0.00552905
0.00547488
0.00450091
0.00445153
0.0037341
0.00368878
0.00314732
0.00310547
0.0026885
0.00264965
0.00232306
0.00228682
0.00202732
0.00199337
0.00178465
0.00175273
0.0015831
0.00155299
0.00141389
0.00138538
0.00127045
0.0012434
0.00114781
0.00112208
0.00104214
0.0010176
0.000950449
0.000926993
0.000870372
0.000847913
0.00080003
0.000778488
0.000737907
0.00071721
0.231979
0.155211
0.155257
0.0779401
0.077879
0.0426141
0.042524
0.0260795
0.0259909
0.0174043
0.0173238
0.0123766
0.0123046
0.00922851
0.0091641
0.00713589
0.00707795
0.0056779
0.00562541
0.00462305
0.00457516
0.003836
0.00379202
0.00323356
0.00319293
0.00276238
0.00272465
0.00238702
0.00235182
0.00208322
0.00205024
0.00183392
0.0018029
0.00162683
0.00159756
0.00145296
0.00142526
0.00130556
0.00127927
0.00117953
0.00115452
0.00107094
0.00104708
0.000976704
0.0009539
0.000894406
0.000872571
0.000822112
0.000801167
0.000758263
0.000738139
0.226327
0.153979
0.154026
0.0786526
0.0785981
0.0433442
0.0432594
0.0266246
0.0265399
0.0178025
0.0177249
0.0126738
0.0126042
0.00945657
0.00939422
0.0073155
0.00725933
0.00582258
0.00577164
0.00474185
0.00469534
0.00393518
0.00389244
0.00331752
0.00327803
0.00283433
0.00279765
0.00244934
0.0024151
0.0021377
0.00210562
0.00188193
0.00185175
0.00166946
0.00164098
0.00149105
0.00146409
0.0013398
0.0013142
0.00121047
0.00118611
0.00109902
0.00107579
0.00100231
0.000980111
0.000917851
0.00089659
0.000843653
0.000823258
0.000778123
0.000758526
0.221082
0.152735
0.152784
0.0792941
0.0792451
0.0440344
0.0439545
0.0271473
0.0270662
0.0181868
0.018112
0.0129617
0.0128944
0.009678
0.00961756
0.00749015
0.00743562
0.0059634
0.0059139
0.00485758
0.00481234
0.00403183
0.00399025
0.00339939
0.00336094
0.00290451
0.00286879
0.00251014
0.00247679
0.00219086
0.00215961
0.0019288
0.00189939
0.00171107
0.00168331
0.00152824
0.00150196
0.00137323
0.00134828
0.00124068
0.00121694
0.00112645
0.00110381
0.00102733
0.00100568
0.000940751
0.000920022
0.000864697
0.00084481
0.000797524
0.000778416
0.216196
0.151493
0.151539
0.0798706
0.0798268
0.0446874
0.044612
0.027649
0.0275713
0.018558
0.0184859
0.0132408
0.0131756
0.00989318
0.00983452
0.00766011
0.00760711
0.00610059
0.00605242
0.00497039
0.00492635
0.00412611
0.0040856
0.00347927
0.0034418
0.00297302
0.00293819
0.00256951
0.00253699
0.00224279
0.0022123
0.00197458
0.00194589
0.00175173
0.00172464
0.00156458
0.00153893
0.0014059
0.00138155
0.0012702
0.00124703
0.00115326
0.00113116
0.00105178
0.00103065
0.000963139
0.000942903
0.00088527
0.000865856
0.000816494
0.000797839
0.211635
0.150249
0.150296
0.0803893
0.0803505
0.0453067
0.0452354
0.0281314
0.0280569
0.0189174
0.0188478
0.013512
0.0134488
0.0101027
0.0100457
0.00782584
0.00777426
0.00623449
0.00618757
0.00508059
0.00503766
0.00421825
0.00417874
0.00355738
0.00352082
0.00304003
0.00300603
0.00262759
0.00259584
0.00229359
0.00226382
0.00201938
0.00199136
0.00179152
0.00176507
0.00160015
0.0015751
0.00143789
0.0014141
0.00129911
0.00127647
0.00117952
0.00115792
0.00107572
0.00105507
0.000985067
0.00096529
0.000905422
0.000886448
0.000835076
0.000816843
0.207359
0.149018
0.149066
0.0808542
0.0808193
0.0458933
0.0458259
0.0285951
0.0285236
0.0192652
0.0191979
0.0137753
0.013714
0.0103066
0.0102512
0.00798737
0.00793713
0.00636513
0.00631938
0.00518819
0.00514629
0.00430827
0.00426969
0.00363372
0.00359801
0.00310553
0.00307232
0.00268439
0.00265336
0.00234329
0.00231418
0.00206321
0.00203582
0.00183046
0.00180459
0.00163497
0.00161047
0.00146919
0.00144593
0.00132741
0.00130527
0.00120522
0.00118409
0.00109917
0.00107897
0.00100654
0.000987188
0.000925153
0.00090659
0.000853272
0.000835433
0.203343
0.147798
0.147842
0.0812717
0.0812406
0.0464507
0.0463869
0.029042
0.0289732
0.0196024
0.0195373
0.0140317
0.0139721
0.0105055
0.0104515
0.00814516
0.00809617
0.00649287
0.00644822
0.00529346
0.00525255
0.00439639
0.00435869
0.00370848
0.00367357
0.00316971
0.00313723
0.00274005
0.0027097
0.002392
0.00236353
0.00210619
0.00207938
0.00186865
0.00184333
0.00166911
0.00164513
0.0014999
0.00147712
0.00135517
0.00133349
0.00123043
0.00120974
0.00112217
0.00110239
0.0010276
0.00100865
0.000944513
0.000926335
0.000871125
0.000853656
0.379763
0.158845
0.158798
0.0579128
0.0577894
0.0281432
0.0280341
0.0163734
0.016283
0.0106522
0.0105764
0.00746689
0.00740207
0.00551875
0.00546233
0.00424289
0.00419302
0.00336277
0.00331814
0.00273045
0.00269009
0.00226106
0.00222423
0.00190313
0.00186927
0.00162399
0.00159267
0.00140213
0.001373
0.00122289
0.00119566
0.00107601
0.00105045
0.000954144
0.000930064
0.000851922
0.000829161
0.000765336
0.000743758
0.000691351
0.000670839
0.000627635
0.000608089
0.000572369
0.000553703
0.000524124
0.000506261
0.000481756
0.000464632
0.000444348
0.000427903
0.367353
0.160076
0.16004
0.0594948
0.0593801
0.0290775
0.0289739
0.0169548
0.0168682
0.0110421
0.0109693
0.00774459
0.00768225
0.00572588
0.00567155
0.00440299
0.00435494
0.00349009
0.00344706
0.00283403
0.0027951
0.00234693
0.00231139
0.00197544
0.00194277
0.00168571
0.00165548
0.0014554
0.00142728
0.00126933
0.00124304
0.00111685
0.00109217
0.000990334
0.000967086
0.00088421
0.000862233
0.000794316
0.000773481
0.000717505
0.000697699
0.000651355
0.00063248
0.000593978
0.000575953
0.00054389
0.000526641
0.000499905
0.000483368
0.000461069
0.000445188
0.356064
0.161017
0.160991
0.0609599
0.060853
0.0299613
0.0298627
0.0175089
0.017426
0.0114151
0.0113451
0.00801079
0.0079507
0.00592466
0.00587223
0.00455678
0.00451037
0.00361244
0.00357086
0.00293362
0.00289598
0.00242951
0.00239515
0.002045
0.00201341
0.00174509
0.00171585
0.00150667
0.00147947
0.00131403
0.0012886
0.00115616
0.00113229
0.00102517
0.00100268
0.000915295
0.000894029
0.00082222
0.000802058
0.00074269
0.000723522
0.000674197
0.000655931
0.000614789
0.000597345
0.000562928
0.000546234
0.000517385
0.00050138
0.000477175
0.000461804
0.345741
0.161718
0.161699
0.0623205
0.0622208
0.0307999
0.0307059
0.0180387
0.017959
0.011773
0.0117055
0.00826671
0.00820867
0.006116
0.0060653
0.00470491
0.00466001
0.00373037
0.00369012
0.00302964
0.00299319
0.00250916
0.00247588
0.00211211
0.0020815
0.00180238
0.00177405
0.00155615
0.00152978
0.00135718
0.00133252
0.00119411
0.00117097
0.00105881
0.001037
0.000945309
0.000924691
0.000849164
0.000829615
0.00076701
0.000748424
0.000696257
0.000678545
0.000634888
0.000617973
0.000581315
0.000565127
0.00053427
0.000518749
0.000492732
0.000477827
0.33626
0.162217
0.1622
0.0635878
0.0634946
0.0315978
0.031508
0.0185466
0.01847
0.0121173
0.0120521
0.0085134
0.00845725
0.00630066
0.00625156
0.004848
0.00480447
0.00384434
0.0038053
0.00312247
0.00308711
0.0025862
0.00255389
0.00217703
0.00214732
0.00185782
0.00183031
0.00160402
0.00157842
0.00139893
0.001375
0.00123085
0.00120837
0.00109137
0.00107019
0.000974365
0.00095434
0.00087525
0.000856263
0.000790557
0.000772505
0.000717617
0.000700413
0.000654351
0.00063792
0.000599121
0.000583397
0.000550621
0.000535545
0.0005078
0.000493321
0.327511
0.162543
0.162539
0.0647704
0.064683
0.0323584
0.0322725
0.0190344
0.0189605
0.0124492
0.0123861
0.00875162
0.00869722
0.00647919
0.00643156
0.00498644
0.00494418
0.00395467
0.00391675
0.00321239
0.00317802
0.00266082
0.00262943
0.00223994
0.00221105
0.00191155
0.0018848
0.00165043
0.00162554
0.00143942
0.00141614
0.00126646
0.0012446
0.00112294
0.00110234
0.00100254
0.000983065
0.00090055
0.00088208
0.000813396
0.000795835
0.000738336
0.0007216
0.000673231
0.000657246
0.000616395
0.000601097
0.000566485
0.000551817
0.000522418
0.000508331
0.319412
0.162726
0.162725
0.0658769
0.065795
0.0330853
0.0330031
0.0195042
0.0194328
0.0127699
0.0127088
0.00898228
0.00892949
0.00665226
0.00660599
0.00512075
0.00507967
0.00406177
0.00402488
0.00329969
0.00326626
0.00273331
0.00270276
0.00230106
0.00227294
0.00196376
0.00193772
0.00169554
0.0016713
0.00147876
0.00145609
0.00130108
0.00127979
0.00115364
0.00113357
0.00102994
0.00101097
0.00092515
0.000907158
0.000835605
0.000818498
0.000758485
0.00074218
0.000691592
0.000676019
0.000633195
0.000618291
0.000581914
0.000567623
0.000536637
0.000522912
0.311886
0.162789
0.162786
0.0669137
0.0668368
0.0337811
0.0337023
0.0199571
0.0198882
0.0130802
0.013021
0.00920589
0.00915461
0.00682024
0.00677523
0.00525121
0.00521123
0.00416586
0.00412993
0.00338458
0.003352
0.00280381
0.00277404
0.00236052
0.0023331
0.00201456
0.00198917
0.00173943
0.0017158
0.00151706
0.00149495
0.00133479
0.00131402
0.00118352
0.00116395
0.00105661
0.00103811
0.000949101
0.000931552
0.000857229
0.000840543
0.000778104
0.0007622
0.000709472
0.00069428
0.000649556
0.000635016
0.00059694
0.000582999
0.000550485
0.000537095
0.304869
0.16274
0.16275
0.0678865
0.0678144
0.0344482
0.0343725
0.0203946
0.0203279
0.0133809
0.0133235
0.00942304
0.00937316
0.00698356
0.00693973
0.00537815
0.00533918
0.00426718
0.00423216
0.00346725
0.00343547
0.00287249
0.00284344
0.00241845
0.0023917
0.00206407
0.00203929
0.00178221
0.00175914
0.00155439
0.00153281
0.00136764
0.00134737
0.00121265
0.00119355
0.00108262
0.00106455
0.000972457
0.000955321
0.000878318
0.000862023
0.000797238
0.000781707
0.00072691
0.000712074
0.000665513
0.000651313
0.000611596
0.000597981
0.000563992
0.000550915
0.298311
0.162603
0.162616
0.0688018
0.0687342
0.0350889
0.0350162
0.0208179
0.0207533
0.0136729
0.0136171
0.00963428
0.00958571
0.00714261
0.00709989
0.00550188
0.00546386
0.004366
0.00433181
0.00354789
0.00351687
0.00293951
0.00291114
0.002475
0.00244886
0.0021124
0.00208819
0.00182399
0.00180144
0.00159085
0.00156976
0.00139973
0.00137992
0.00124111
0.00122243
0.00110802
0.00109036
0.000995272
0.000978521
0.000898919
0.000882989
0.000815931
0.000800748
0.000743947
0.000729443
0.000681104
0.000667221
0.000625917
0.000612605
0.000577191
0.000564406
0.292158
0.162397
0.162409
0.069662
0.0695979
0.0357044
0.0356344
0.0212275
0.0211649
0.0139565
0.0139022
0.00983981
0.00979247
0.00729755
0.00725586
0.00562249
0.00558536
0.00446237
0.00442898
0.00362659
0.00359627
0.00300492
0.00297718
0.0025302
0.00250465
0.00215959
0.00213591
0.00186478
0.00184273
0.00162646
0.00160582
0.00143107
0.00141169
0.0012689
0.00125063
0.00113284
0.00111556
0.00101756
0.00100117
0.000919048
0.00090346
0.000834197
0.000819339
0.000760595
0.000746402
0.000696339
0.000682754
0.000639912
0.000626885
0.00059009
0.000577577
0.286376
0.162122
0.162137
0.0704722
0.070412
0.0362969
0.0362293
0.0216247
0.021564
0.0142324
0.0141795
0.0100402
0.00999399
0.00744876
0.00740805
0.00574029
0.00570401
0.00455656
0.0045239
0.00370351
0.00367386
0.00306889
0.00304175
0.00258419
0.00255918
0.00220576
0.00218258
0.00190469
0.00188311
0.0016613
0.0016411
0.00146174
0.00144276
0.00129611
0.00127822
0.00115713
0.00114021
0.00103938
0.00102333
0.000938752
0.000923486
0.000852078
0.000837526
0.000776894
0.000762992
0.000711256
0.00069795
0.000653614
0.000640854
0.000602719
0.000590463
0.28093
0.161787
0.16181
0.0712363
0.0711802
0.0368679
0.0368029
0.0220103
0.0219513
0.0145012
0.0144497
0.0102357
0.0101906
0.00759652
0.00755672
0.00585548
0.00581999
0.00464871
0.00461674
0.00377881
0.00374977
0.00313152
0.00310493
0.00263707
0.00261257
0.00225097
0.00222827
0.00194379
0.00192264
0.00169543
0.00167564
0.00149179
0.0014732
0.00132277
0.00130523
0.00118093
0.00116435
0.00106076
0.00104503
0.000958063
0.000943099
0.000869603
0.000855339
0.000792869
0.000779242
0.000725877
0.000712833
0.000667045
0.000654536
0.000615099
0.000603085
0.275787
0.161415
0.161427
0.0719579
0.071905
0.0374184
0.0373557
0.0223848
0.0223275
0.0147631
0.0147129
0.0104266
0.0103826
0.00774093
0.00770201
0.00596816
0.00593342
0.00473888
0.00470758
0.00385252
0.00382407
0.00319284
0.00316679
0.00268886
0.00266485
0.00229527
0.00227301
0.0019821
0.00196136
0.00172888
0.00170947
0.00152125
0.00150301
0.00134889
0.00133169
0.00120426
0.001188
0.00108172
0.00106629
0.000976993
0.000962315
0.000886783
0.000872791
0.00080853
0.000795162
0.000740211
0.000727415
0.000680213
0.000667942
0.000627238
0.000615451
0.270921
0.16099
0.16101
0.0726402
0.07259
0.03795
0.0378895
0.022749
0.0226933
0.0150187
0.0149697
0.0106133
0.0105702
0.00788229
0.00784419
0.00607853
0.0060445
0.00482727
0.00479659
0.0039248
0.0038969
0.00325299
0.00322744
0.00273966
0.00271611
0.00233873
0.00231689
0.00201969
0.00199934
0.0017617
0.00174265
0.00155015
0.00153225
0.00137454
0.00135766
0.00122717
0.0012112
0.0011023
0.00108715
0.000995577
0.000981169
0.000903651
0.000889915
0.000823907
0.000810784
0.000754285
0.000741723
0.000693143
0.000681096
0.000639157
0.000627585
0.266304
0.160544
0.160559
0.073283
0.0732354
0.0384627
0.0384041
0.0231029
0.0230487
0.015268
0.0152201
0.0107956
0.0107535
0.00802055
0.00798323
0.00618657
0.00615321
0.00491383
0.00488374
0.00399561
0.00396824
0.00331193
0.00328686
0.00278946
0.00276634
0.00238134
0.0023599
0.00205655
0.00203657
0.00179389
0.00177519
0.0015785
0.00156092
0.00139969
0.00138311
0.00124963
0.00123395
0.00112248
0.0011076
0.00101381
0.000999657
0.000920199
0.000906707
0.000838994
0.000826103
0.000768095
0.000755755
0.00070583
0.000693996
0.000650853
0.000639485
0.26193
0.160051
0.160068
0.073894
0.0738491
0.0389598
0.0389033
0.0234484
0.0233956
0.0155121
0.0154653
0.0109745
0.0109333
0.00815635
0.00811978
0.00629276
0.00626004
0.00499895
0.00496942
0.00406526
0.0040384
0.00336994
0.00334532
0.00283847
0.00281577
0.00242328
0.00240222
0.00209284
0.0020732
0.00182559
0.00180721
0.00160642
0.00158914
0.00142446
0.00140817
0.00127176
0.00125634
0.00114236
0.00112774
0.00103177
0.00101786
0.000936499
0.000923237
0.000853854
0.000841183
0.000781698
0.000769568
0.000718328
0.000706695
0.000662375
0.0006512
0.257772
0.159525
0.159553
0.0744727
0.0744296
0.0394411
0.0393864
0.0237854
0.0237339
0.0157509
0.0157052
0.0111499
0.0111095
0.00828963
0.00825376
0.00639705
0.00636494
0.00508259
0.0050536
0.00413374
0.00410735
0.00342697
0.00340278
0.00288668
0.00286436
0.00246454
0.00244384
0.00212853
0.00210924
0.00185677
0.0018387
0.00163388
0.0016169
0.00144884
0.00143282
0.00129353
0.00127837
0.00116193
0.00114755
0.00104944
0.00103576
0.000952543
0.0009395
0.000868482
0.00085602
0.000795089
0.000783158
0.000730632
0.00071919
0.000673717
0.000662725
0.253792
0.159017
0.159026
0.0750151
0.0749744
0.0399042
0.0398514
0.0241122
0.024062
0.0159834
0.0159387
0.011321
0.0112814
0.0084198
0.0083846
0.00649899
0.00646747
0.0051644
0.00513591
0.00420073
0.0041748
0.00348278
0.003459
0.00293386
0.00291192
0.00250494
0.00248458
0.00216349
0.00214451
0.00188731
0.00186954
0.00166079
0.00164408
0.00147271
0.00145695
0.00131486
0.00129995
0.00118109
0.00116695
0.00106676
0.0010533
0.000968262
0.000955429
0.000882815
0.000870552
0.000808209
0.00079647
0.000742687
0.000731428
0.000684831
0.000674015
0.250012
0.158441
0.15848
0.0755356
0.0754966
0.0403556
0.0403044
0.0244326
0.0243838
0.0162122
0.0161683
0.0114896
0.0114508
0.00854817
0.00851362
0.0065996
0.00656863
0.00524517
0.00521717
0.0042669
0.0042414
0.00353793
0.00351454
0.00298049
0.00295891
0.00254486
0.00252483
0.00219804
0.00217937
0.0019175
0.00190001
0.00168739
0.00167094
0.00149632
0.00148081
0.00133595
0.00132127
0.00120005
0.00118612
0.00108388
0.00107063
0.000983807
0.000971172
0.000896988
0.000884916
0.000821185
0.000809627
0.00075461
0.000743524
0.000695824
0.000685174
0.246399
0.157868
0.157908
0.0760277
0.0759902
0.0407928
0.0407431
0.0247453
0.0246976
0.016436
0.0163931
0.0116549
0.0116168
0.0086742
0.00864027
0.00669844
0.006668
0.00532456
0.00529703
0.00433197
0.00430688
0.00359217
0.00356915
0.00302636
0.00300512
0.00258414
0.00256442
0.00223205
0.00221366
0.00194721
0.00192999
0.00171357
0.00169737
0.00151956
0.00150428
0.00135671
0.00134226
0.00121871
0.00120499
0.00110074
0.00108769
0.000999112
0.000986668
0.000910945
0.000899053
0.000833962
0.000822577
0.00076635
0.000755431
0.000706649
0.000696158
0.242924
0.157338
0.15732
0.0764859
0.0764515
0.0412134
0.0411654
0.0250488
0.0250022
0.0166542
0.0166121
0.0118163
0.0117789
0.00879743
0.00876409
0.00679517
0.00676523
0.0054023
0.00537521
0.0043957
0.00437101
0.00364531
0.00362266
0.00307132
0.0030504
0.00262265
0.00260323
0.00226539
0.00224728
0.00197635
0.00195938
0.00173924
0.00172329
0.00154234
0.0015273
0.00137707
0.00136283
0.00123701
0.00122349
0.00111727
0.00110442
0.00101412
0.00100186
0.000924635
0.000912917
0.000846496
0.000835277
0.000777868
0.000767107
0.000717268
0.00070693
0.23961
0.15671
0.156769
0.0769254
0.0768928
0.0416241
0.0415776
0.0253468
0.0253012
0.016869
0.0168278
0.0119755
0.0119388
0.00891908
0.00888631
0.00689072
0.00686127
0.00547912
0.00545247
0.00445871
0.00443441
0.00369787
0.00367555
0.00311579
0.00309518
0.00266074
0.00264161
0.00229837
0.00228052
0.00200517
0.00198846
0.00176464
0.00174892
0.0015649
0.00155006
0.00139722
0.00138319
0.00125512
0.0012418
0.00113364
0.00112097
0.00102898
0.0010169
0.000938186
0.000926635
0.000858903
0.000847843
0.000789269
0.000778661
0.000727781
0.000717589
0.23643
0.156111
0.156169
0.0773451
0.0773132
0.042022
0.0419769
0.0256378
0.0255934
0.0170795
0.0170392
0.0121319
0.0120958
0.0090387
0.00900648
0.00698475
0.00695577
0.00555477
0.00552852
0.00452078
0.00449683
0.00374965
0.00372766
0.00315961
0.0031393
0.00269828
0.00267943
0.00233088
0.00231329
0.00203359
0.00201711
0.00178969
0.00177419
0.00158713
0.00157251
0.0014171
0.00140325
0.00127298
0.00125984
0.00114978
0.00113728
0.00104364
0.00103172
0.000951551
0.000940159
0.00087114
0.000860233
0.000800515
0.000790052
0.00073815
0.000728098
0.233396
0.155499
0.155521
0.0777449
0.0777158
0.0424121
0.0423684
0.0259245
0.025881
0.0172875
0.0172479
0.0122865
0.0122511
0.00915713
0.00912544
0.0070779
0.00704937
0.00562974
0.00560388
0.00458231
0.00455871
0.00380099
0.00377932
0.00320307
0.00318305
0.00273552
0.00271693
0.00236313
0.00234579
0.00206179
0.00204553
0.00181454
0.00179925
0.0016092
0.00159477
0.00143682
0.00142316
0.00129071
0.00127775
0.0011658
0.00115347
0.00105819
0.00104642
0.000964817
0.000953577
0.000883287
0.000872524
0.000811677
0.000801354
0.000748443
0.000738524
0.230449
0.154897
0.154937
0.0781184
0.0780908
0.0427856
0.0427428
0.0262016
0.0261591
0.0174893
0.0174505
0.012437
0.0124021
0.00927252
0.00924132
0.00716873
0.00714063
0.00570289
0.00567741
0.00464237
0.00461911
0.00385113
0.00382976
0.00324552
0.00322578
0.0027719
0.00275357
0.00239465
0.00237754
0.00208934
0.00207331
0.00183883
0.00182375
0.00163077
0.00161653
0.00145609
0.00144262
0.00130804
0.00129525
0.00118146
0.00116929
0.00107241
0.0010608
0.000977786
0.000966693
0.000895162
0.000884541
0.000822591
0.000812403
0.000758507
0.000748718
0.227625
0.154297
0.15432
0.0784716
0.0784445
0.0431504
0.0431091
0.0264739
0.0264324
0.0176883
0.0176502
0.0125855
0.0125513
0.00938656
0.00935585
0.00725856
0.00723088
0.00577527
0.00575016
0.00470182
0.00467889
0.00390077
0.0038797
0.00328756
0.00326808
0.00280794
0.00278985
0.00242586
0.00240898
0.00211664
0.00210081
0.00186289
0.00184801
0.00165213
0.00163808
0.00147519
0.00146189
0.00132521
0.00131258
0.00119698
0.00118496
0.0010865
0.00107504
0.000990638
0.000979687
0.000906931
0.000896445
0.000833408
0.000823349
0.000768481
0.000758816
0.224931
0.153627
0.153683
0.0788155
0.0787942
0.0435095
0.04347
0.0267435
0.0267029
0.0178858
0.0178484
0.0127331
0.0126995
0.00949997
0.00946973
0.00734796
0.00732068
0.00584732
0.00582256
0.00476102
0.0047384
0.00395021
0.00392942
0.00332943
0.00331021
0.00284384
0.00282598
0.00245697
0.0024403
0.00214384
0.00212821
0.00188687
0.00187217
0.00167343
0.00165956
0.00149422
0.00148109
0.00134232
0.00132985
0.00121245
0.00120058
0.00110054
0.00108923
0.00100345
0.000992634
0.000918664
0.000908306
0.000844191
0.000834255
0.000778425
0.000768878
0.22229
0.153059
0.153081
0.0791286
0.0791064
0.0438505
0.0438112
0.0270025
0.0269626
0.0180763
0.0180395
0.012876
0.0128428
0.00960987
0.00958008
0.00743467
0.00740778
0.00591726
0.00589285
0.00481851
0.0047962
0.00399824
0.00397772
0.00337012
0.00335115
0.00287873
0.0028611
0.0024872
0.00247075
0.00217028
0.00215485
0.00191019
0.00189568
0.00169414
0.00168044
0.00151274
0.00149977
0.00135897
0.00134665
0.00122749
0.00121577
0.00111421
0.00110303
0.00101591
0.00100523
0.000930077
0.000919846
0.000854681
0.000844866
0.000788099
0.000778668
0.219771
0.152409
0.152465
0.0794353
0.0794166
0.0441877
0.0441495
0.0272594
0.0272203
0.0182658
0.0182297
0.0130182
0.0129856
0.00971942
0.00969006
0.00752114
0.00749463
0.00598704
0.00596295
0.00487588
0.00485386
0.00404618
0.00402593
0.00341074
0.00339201
0.00291357
0.00289616
0.0025174
0.00250114
0.00219669
0.00218145
0.00193348
0.00191914
0.00171482
0.00170129
0.00153123
0.00151841
0.00137559
0.00136342
0.00124252
0.00123094
0.00112786
0.00111681
0.00102836
0.00101781
0.000941478
0.000931368
0.00086516
0.000855461
0.000797763
0.000788443
0.217332
0.151788
0.151843
0.079726
0.0797042
0.0445141
0.044477
0.0275103
0.0274722
0.0184516
0.0184161
0.0131579
0.0131258
0.00982714
0.00979821
0.00760625
0.0075801
0.00605574
0.00603197
0.0049324
0.00491065
0.00409342
0.00407342
0.00345078
0.00343228
0.00294791
0.00293071
0.00254716
0.0025311
0.00222273
0.00220767
0.00195644
0.00194227
0.00173522
0.00172184
0.00154946
0.0015368
0.00139199
0.00137996
0.00125734
0.0012459
0.00114132
0.0011304
0.00104064
0.00103021
0.000952725
0.000942731
0.000875498
0.00086591
0.000807297
0.000798084
0.214988
0.151177
0.151169
0.0800024
0.079986
0.0448352
0.0447991
0.027758
0.0277208
0.0186355
0.0186006
0.0132964
0.0132648
0.009934
0.00990547
0.00769072
0.00766492
0.00612397
0.0061005
0.00498853
0.00496706
0.00414035
0.0041206
0.00349056
0.00347229
0.00298204
0.00296504
0.00257675
0.00256088
0.00224861
0.00223373
0.00197927
0.00196526
0.0017555
0.00174227
0.00156759
0.00155507
0.00140829
0.0013964
0.00127208
0.00126076
0.00115471
0.00114391
0.00105286
0.00104254
0.000963909
0.000954027
0.000885778
0.000876297
0.000816778
0.000807668
0.212697
0.150579
0.150571
0.0802548
0.0802417
0.0451421
0.045107
0.0279978
0.0279611
0.0188141
0.0187798
0.0134313
0.0134001
0.0100382
0.0100101
0.0077732
0.00774773
0.00619062
0.00616745
0.0050434
0.00502219
0.00418624
0.00416672
0.00352947
0.00351141
0.00301542
0.00299863
0.00260569
0.00259
0.00227393
0.00225922
0.0020016
0.00198776
0.00177534
0.00176227
0.00158534
0.00157296
0.00142425
0.0014125
0.00128651
0.00127532
0.00116781
0.00115714
0.00106481
0.00105461
0.000974858
0.000965085
0.000895842
0.000886466
0.00082606
0.000817051
0.210505
0.14994
0.149933
0.0805077
0.0804892
0.0454471
0.0454123
0.028236
0.0281999
0.0189921
0.0189584
0.0135658
0.0135351
0.0101423
0.0101145
0.00785558
0.00783045
0.00625722
0.00623434
0.00509824
0.00507729
0.00423211
0.00421283
0.00356837
0.00355052
0.00304881
0.0030322
0.00263464
0.00261913
0.00229926
0.00228472
0.00202395
0.00201025
0.00179519
0.00178226
0.00160309
0.00159084
0.00144021
0.00142859
0.00130094
0.00128987
0.00118092
0.00117036
0.00107677
0.00106668
0.000985812
0.000976144
0.000905911
0.000896636
0.000835348
0.000826434
0.208344
0.149335
0.149387
0.0807309
0.0807177
0.0457337
0.0457011
0.0284647
0.0284297
0.0191639
0.0191307
0.013696
0.0136658
0.0102432
0.0102158
0.00793552
0.00791071
0.0063219
0.0062993
0.00515152
0.00513082
0.0042767
0.00425764
0.0036062
0.00358855
0.00308127
0.00306486
0.0026628
0.00264746
0.00232391
0.00230952
0.00204569
0.00203214
0.00181451
0.00180172
0.00162036
0.00160825
0.00145575
0.00144425
0.00131499
0.00130404
0.00119368
0.00118323
0.00108841
0.00107843
0.000996475
0.00098691
0.000915714
0.000906537
0.000844389
0.00083557
0.206275
0.14875
0.148744
0.0809514
0.0809433
0.0460195
0.0459877
0.0286923
0.0286579
0.0193352
0.0193026
0.013826
0.0137962
0.0103439
0.010317
0.00801543
0.00799093
0.00638657
0.00636424
0.00520481
0.00518435
0.00432131
0.00430246
0.00364404
0.00362659
0.00311376
0.00309752
0.00269097
0.0026758
0.00234856
0.00233433
0.00206744
0.00205404
0.00183384
0.00182119
0.00163765
0.00162567
0.0014713
0.00145992
0.00132904
0.00131821
0.00120645
0.00119612
0.00110006
0.00109018
0.00100715
0.000997683
0.000925526
0.000916444
0.000853439
0.000844711
0.20427
0.148111
0.148162
0.0811648
0.081145
0.0462994
0.0462673
0.0289161
0.0288821
0.019504
0.0194719
0.0139543
0.013925
0.0104435
0.0104169
0.00809445
0.00807025
0.00645055
0.00642849
0.00525755
0.00523732
0.00436546
0.00434682
0.00368151
0.00366425
0.00314593
0.00312986
0.00271887
0.00270386
0.00237299
0.00235891
0.00208899
0.00207574
0.00185299
0.00184047
0.00165478
0.00164292
0.00148671
0.00147544
0.00134298
0.00133225
0.00121911
0.00120888
0.00111161
0.00110183
0.00101773
0.00100836
0.00093525
0.000926259
0.000862408
0.000853768
0.202335
0.147484
0.147534
0.0813667
0.0813519
0.0465739
0.0465426
0.0291369
0.0291038
0.0196712
0.0196397
0.0140816
0.0140526
0.0105424
0.0105161
0.00817293
0.00814902
0.00651413
0.00649232
0.00530997
0.00528997
0.00440936
0.00439093
0.00371877
0.00370169
0.00317792
0.00316203
0.00274663
0.00273177
0.00239729
0.00238335
0.00211043
0.00209731
0.00187205
0.00185965
0.00167182
0.00166008
0.00150204
0.00149089
0.00135684
0.00134622
0.0012317
0.00122157
0.0011231
0.00111342
0.00102825
0.00101897
0.000944926
0.000936024
0.000871334
0.000862779
0.200436
0.146955
0.146896
0.0815496
0.0815315
0.0468363
0.0468058
0.0293508
0.0293183
0.019834
0.0198029
0.0142058
0.0141772
0.010639
0.010613
0.00824971
0.00822608
0.00657637
0.0065548
0.00536131
0.00534153
0.00445237
0.00443413
0.00375528
0.00373838
0.00320928
0.00319355
0.00277384
0.00275914
0.00242111
0.00240731
0.00213146
0.00211847
0.00189073
0.00187846
0.00168853
0.00167691
0.00151707
0.00150603
0.00137043
0.00135992
0.00124405
0.00123402
0.00113437
0.00112478
0.00103858
0.00102939
0.000954418
0.000945603
0.00088009
0.000871618
0.198613
0.146336
0.146279
0.0817228
0.081718
0.0470959
0.047068
0.0295645
0.0295325
0.0199964
0.0199657
0.0143299
0.0143017
0.0107356
0.0107099
0.00832651
0.00830316
0.00663864
0.00661732
0.0054127
0.00539313
0.00449542
0.00447738
0.00379183
0.00377511
0.00324068
0.00322511
0.00280108
0.00278653
0.00244496
0.0024313
0.00215251
0.00213965
0.00190945
0.0018973
0.00170527
0.00169376
0.00153213
0.0015212
0.00138405
0.00137364
0.00125643
0.00124649
0.00114566
0.00113616
0.00104892
0.00103982
0.000963927
0.000955196
0.000888861
0.00088047
0.196828
0.145765
0.145657
0.0818935
0.0818853
0.047348
0.0473209
0.0297721
0.0297405
0.0201553
0.0201251
0.0144515
0.0144237
0.0108304
0.0108051
0.00840195
0.00837887
0.00669985
0.00667876
0.00546323
0.00544387
0.00453777
0.00451991
0.00382779
0.00381124
0.00327157
0.00325616
0.0028279
0.00281349
0.00246844
0.00245492
0.00217323
0.0021605
0.00192787
0.00191583
0.00172175
0.00171035
0.00154696
0.00153613
0.00139746
0.00138715
0.00126861
0.00125877
0.00115678
0.00114737
0.0010591
0.00105009
0.000973292
0.000964642
0.0008975
0.000889186
0.195085
0.14514
0.145137
0.0820472
0.0820356
0.0475918
0.0475643
0.0299749
0.0299441
0.020311
0.0202813
0.014571
0.0145436
0.0109237
0.0108986
0.00847622
0.00845339
0.00676013
0.00673927
0.00551301
0.00549386
0.00457951
0.00456183
0.00386325
0.00384686
0.00330204
0.00328678
0.00285434
0.00284007
0.0024916
0.00247821
0.00219368
0.00218106
0.00194604
0.00193412
0.00173801
0.00172672
0.00156159
0.00155086
0.00141069
0.00140048
0.00128063
0.00127088
0.00116775
0.00115843
0.00106915
0.00106022
0.000982533
0.000973962
0.000906024
0.000897787
0.193441
0.144509
0.144455
0.0822018
0.0821991
0.0478413
0.047815
0.0301817
0.0301517
0.0204699
0.0204406
0.0146929
0.0146658
0.0110188
0.010994
0.00855197
0.00852939
0.00682163
0.00680098
0.00556379
0.00554483
0.00462208
0.00460458
0.00389941
0.00388318
0.00333311
0.00331799
0.00288131
0.00286718
0.00251523
0.00250195
0.00221453
0.00220203
0.00196458
0.00195277
0.0017546
0.0017434
0.00157651
0.00156588
0.00142419
0.00141406
0.0012929
0.00128323
0.00117894
0.0011697
0.00107941
0.00107055
0.000991959
0.000983464
0.000914721
0.000906556
0.191789
0.143845
0.143991
0.0823458
0.0823275
0.048072
0.0480464
0.0303774
0.030348
0.0206213
0.0205923
0.0148094
0.0147826
0.0111099
0.0110854
0.00862461
0.0086023
0.00688066
0.00686024
0.00561258
0.00559382
0.00466301
0.00464568
0.00393419
0.00391812
0.00336301
0.00334804
0.00290727
0.00289327
0.00253796
0.00252481
0.00223461
0.00222222
0.00198243
0.00197073
0.00177057
0.00175948
0.00159088
0.00158034
0.00143719
0.00142715
0.00130471
0.00129513
0.00118972
0.00118056
0.00108928
0.00108051
0.00100104
0.000992621
0.000923098
0.000915006
0.19018
0.143286
0.14343
0.0824735
0.0824558
0.0482969
0.0482745
0.0305695
0.0305411
0.0207703
0.0207418
0.0149244
0.014898
0.0112
0.0111758
0.00869651
0.00867445
0.00693911
0.0069189
0.00566091
0.00564233
0.00470355
0.00468639
0.00396865
0.00395273
0.00339263
0.0033778
0.002933
0.00291912
0.0025605
0.00254747
0.0022545
0.00224223
0.00200012
0.00198852
0.0017864
0.00177541
0.00160513
0.00159469
0.00145007
0.00144013
0.00131642
0.00130693
0.00120041
0.00119133
0.00109908
0.00109038
0.00101004
0.0010017
0.000931405
0.000923383
0.188573
0.142797
0.142939
0.082576
0.0825751
0.0485088
0.0484857
0.0307527
0.0307245
0.020913
0.020885
0.0150349
0.0150089
0.0112867
0.0112628
0.00876583
0.00874399
0.00699553
0.00697553
0.00570758
0.00568918
0.00474273
0.00472573
0.00400196
0.0039862
0.00342128
0.00340659
0.00295788
0.00294413
0.0025823
0.00256939
0.00227376
0.0022616
0.00201724
0.00200575
0.00180172
0.00179083
0.00161892
0.00160857
0.00146255
0.00145269
0.00132775
0.00131835
0.00121076
0.00120176
0.00110856
0.00109994
0.00101876
0.00101049
0.000939448
0.000931496
0.187078
0.142176
0.142315
0.0827108
0.0827105
0.048734
0.0487116
0.0309442
0.0309155
0.0210617
0.021034
0.0151498
0.0151241
0.0113768
0.0113532
0.00883781
0.0088162
0.00705407
0.00703427
0.005756
0.00573778
0.00478337
0.00476653
0.00403652
0.00402089
0.00345099
0.00343643
0.00298368
0.00297006
0.00260491
0.00259211
0.00229372
0.00228167
0.002035
0.0020236
0.00181761
0.00180681
0.00163321
0.00162295
0.00147548
0.0014657
0.00133951
0.00133018
0.00122148
0.00121256
0.00111838
0.00110984
0.0010278
0.0010196
0.000947787
0.000939901
0.185627
0.141566
0.141703
0.082833
0.0828173
0.0489544
0.0489314
0.0311326
0.0311054
0.021209
0.0211819
0.015264
0.0152385
0.0114663
0.011443
0.00890936
0.00888798
0.0071123
0.0070927
0.00580418
0.00578613
0.00482381
0.00480713
0.00407091
0.00405543
0.00348057
0.00346613
0.00300937
0.00299586
0.00262742
0.00261473
0.0023136
0.00230165
0.00205268
0.00204138
0.00183343
0.00182272
0.00164745
0.00163728
0.00148836
0.00147867
0.00135121
0.00134196
0.00123217
0.00122332
0.00112817
0.0011197
0.0010368
0.00102867
0.000956093
0.00094827
0.184176
0.141027
0.141162
0.0829242
0.082917
0.0491591
0.0491354
0.0313132
0.031286
0.0213506
0.0213238
0.0153737
0.0153487
0.0115527
0.0115296
0.00897851
0.00895735
0.00716864
0.00714922
0.00585081
0.00583294
0.00486298
0.00484645
0.00410423
0.00408888
0.00350923
0.00349492
0.00303427
0.00302088
0.00264924
0.00263666
0.00233288
0.00232102
0.00206982
0.00205862
0.00184877
0.00183815
0.00166126
0.00165117
0.00150085
0.00149124
0.00136257
0.00135339
0.00124253
0.00123376
0.00113767
0.00112926
0.00104554
0.00103747
0.000964151
0.000956393
0.182776
0.140594
0.140458
0.0830321
0.0830019
0.0493622
0.0493415
0.031493
0.0314665
0.0214921
0.0214657
0.0154838
0.015459
0.0116393
0.0116164
0.00904781
0.00902686
0.0072251
0.00720587
0.00589757
0.00587985
0.00490225
0.00488588
0.00413764
0.00412243
0.00353797
0.00352379
0.00305925
0.00304597
0.00267113
0.00265866
0.00235221
0.00234046
0.00208702
0.00207591
0.00186417
0.00185363
0.00167512
0.00166511
0.00151339
0.00150385
0.00137396
0.00136486
0.00125293
0.00124423
0.0011472
0.00113886
0.0010543
0.00104629
0.000972237
0.00096454
0.181356
0.140122
0.139988
0.0830935
0.0830951
0.0495509
0.0495271
0.0316608
0.0316354
0.0216254
0.0215994
0.015588
0.0155635
0.0117215
0.0116989
0.00911377
0.00909305
0.00727892
0.00725988
0.00594217
0.00592462
0.00493975
0.00492352
0.00416955
0.00415448
0.00356544
0.00355138
0.00308312
0.00306996
0.00269206
0.00267969
0.0023707
0.00235904
0.00210347
0.00209245
0.00187889
0.00186844
0.00168837
0.00167845
0.00152538
0.00151592
0.00138486
0.00137584
0.00126288
0.00125425
0.00115632
0.00114805
0.00106269
0.00105474
0.000979975
0.000972341
0.180068
0.13938
0.139422
0.0832098
0.0831964
0.0497596
0.0497352
0.031844
0.0318173
0.0217688
0.0217432
0.0156996
0.0156754
0.0118093
0.011787
0.00918408
0.00916356
0.00733623
0.00731736
0.00598963
0.00597224
0.00497963
0.00496354
0.00420348
0.00418854
0.00359464
0.00358069
0.00310848
0.00309543
0.00271429
0.00270203
0.00239034
0.00237878
0.00212094
0.00211
0.00189453
0.00188416
0.00170245
0.0016926
0.00153812
0.00152873
0.00139644
0.00138748
0.00127345
0.00126488
0.001166
0.00115779
0.00107159
0.00106371
0.000988192
0.000980614
0.178788
0.13872
0.138847
0.0832874
0.0833283
0.0499545
0.0499379
0.0320185
0.0319934
0.0219077
0.0218826
0.015808
0.0157841
0.0118949
0.0118728
0.00925272
0.00923241
0.00739221
0.00737352
0.00603603
0.00601879
0.00501862
0.00500267
0.00423668
0.00422185
0.0036232
0.00360937
0.00313331
0.00312036
0.00273606
0.00272389
0.00240957
0.0023981
0.00213804
0.00212719
0.00190984
0.00189955
0.00171623
0.00170646
0.00155059
0.00154127
0.00140778
0.00139888
0.0012838
0.00127529
0.00117549
0.00116734
0.00108031
0.00107249
0.000996241
0.000988719
0.177466
0.138265
0.138391
0.0833791
0.0833437
0.0501321
0.0501086
0.0321793
0.0321535
0.0220362
0.0220115
0.0159092
0.0158855
0.0119749
0.011953
0.00931701
0.00929687
0.00744473
0.00742621
0.0060796
0.00606251
0.00505527
0.00503946
0.00426789
0.00425319
0.00365008
0.00363636
0.00315668
0.00314383
0.00275655
0.00274448
0.00242768
0.0024163
0.00215416
0.00214339
0.00192427
0.00191406
0.00172922
0.00171952
0.00156234
0.0015531
0.00141846
0.00140964
0.00129355
0.00128511
0.00118443
0.00117634
0.00108854
0.00108077
0.00100383
0.000996364
0.176126
0.138108
0.1379
0.0833669
0.0833474
0.0502847
0.0502667
0.0323283
0.0323041
0.0221575
0.0221326
0.0160047
0.0159812
0.0120508
0.0120291
0.00937817
0.00935825
0.00749477
0.00747642
0.00612116
0.00610423
0.00509026
0.00507459
0.00429771
0.00428314
0.00367576
0.00366216
0.00317902
0.00316628
0.00277614
0.00276417
0.002445
0.00243371
0.00216957
0.00215889
0.00193807
0.00192794
0.00174165
0.00173203
0.00157359
0.00156442
0.00142869
0.00141993
0.00130289
0.00129452
0.00119298
0.00118496
0.00109641
0.0010887
0.00101109
0.00100369
0.174942
0.137225
0.137511
0.0834707
0.0834516
0.0504745
0.050457
0.0324987
0.0324743
0.0222929
0.0222683
0.0161107
0.0160876
0.0121347
0.0121132
0.00944552
0.00942577
0.00754976
0.00753159
0.00616678
0.00614999
0.00512863
0.00511308
0.00433038
0.00431592
0.00370389
0.0036904
0.00320347
0.00319083
0.00279759
0.00278571
0.00246395
0.00245274
0.00218643
0.00217583
0.00195316
0.00194311
0.00175524
0.00174569
0.00158589
0.00157678
0.00143987
0.00143118
0.0013131
0.00130478
0.00120234
0.00119437
0.00110501
0.00109736
0.00101903
0.00101168
0.17374
0.136647
0.137089
0.0835029
0.0834994
0.0506499
0.0506279
0.0326566
0.0326343
0.022421
0.0223967
0.0162116
0.0161886
0.0122147
0.0121935
0.00950988
0.00949035
0.00760241
0.00758439
0.00621048
0.00619383
0.00516541
0.00514999
0.00436172
0.00434738
0.00373088
0.0037175
0.00322694
0.0032144
0.00281818
0.00280638
0.00248214
0.00247102
0.00220262
0.00219211
0.00196766
0.00195769
0.0017683
0.00175881
0.0015977
0.00158867
0.00145061
0.00144198
0.0013229
0.00131465
0.00121133
0.00120342
0.00111328
0.00110569
0.00102666
0.00101936
0.172615
0.136432
0.136076
0.0835854
0.0835673
0.0508267
0.0508101
0.0328242
0.0328
0.0225541
0.0225303
0.0163163
0.0162936
0.0122975
0.0122766
0.00957658
0.00955718
0.0076569
0.00763903
0.0062557
0.00623918
0.00520346
0.00518816
0.00439413
0.0043799
0.0037588
0.00374551
0.00325122
0.00323876
0.00283946
0.00282776
0.00250096
0.00248992
0.00221937
0.00220892
0.00198265
0.00197275
0.00178179
0.00177238
0.00160992
0.00160094
0.00146172
0.00145315
0.00133304
0.00132485
0.00122062
0.00121276
0.00112183
0.00111428
0.00103455
0.0010273
0.171377
0.135951
0.135912
0.0835819
0.0835791
0.0509619
0.0509506
0.0329615
0.0329383
0.0226679
0.0226444
0.016407
0.0163845
0.0123699
0.0123492
0.00963504
0.00961585
0.00770486
0.00768717
0.0062956
0.00627924
0.0052371
0.00522193
0.00442282
0.00440871
0.00378353
0.00377035
0.00327274
0.00326038
0.00285835
0.00284674
0.00251766
0.0025067
0.00223423
0.00222387
0.00199597
0.00198614
0.00179379
0.00178444
0.00162077
0.00161187
0.00147159
0.00146308
0.00134206
0.00133392
0.00122888
0.00122109
0.00112943
0.00112194
0.00104156
0.00103437
0.170327
0.135293
0.135254
0.0836534
0.083651
0.051149
0.0511333
0.0331278
0.0331049
0.0228016
0.0227782
0.0165122
0.01649
0.0124533
0.0124327
0.00970216
0.00968311
0.00775974
0.00774218
0.00634115
0.00632491
0.00527543
0.00526037
0.00445548
0.00444147
0.00381166
0.00379857
0.0032972
0.00328494
0.00287981
0.00286827
0.00253662
0.00252574
0.00225111
0.00224082
0.00201108
0.00200132
0.0018074
0.00179811
0.00163309
0.00162424
0.00148279
0.00147434
0.00135228
0.0013442
0.00123825
0.00123051
0.00113805
0.00113061
0.00104952
0.00104237
0.169181
0.134855
0.134817
0.0836918
0.0837043
0.051297
0.0512769
0.0332705
0.0332468
0.0229178
0.0228951
0.0166049
0.0165829
0.0125274
0.012507
0.00976203
0.00974316
0.00780881
0.0077914
0.00638197
0.00636586
0.00530984
0.0052949
0.00448483
0.00447093
0.00383696
0.00382397
0.00331922
0.00330704
0.00289913
0.00288768
0.00255371
0.00254291
0.00226632
0.00225611
0.00202471
0.00201502
0.00181967
0.00181045
0.0016442
0.00163541
0.00149289
0.0014845
0.0013615
0.00135348
0.00124671
0.00123902
0.00114582
0.00113844
0.0010567
0.0010496
0.168155
0.134198
0.13431
0.0837451
0.0837142
0.0514638
0.0514489
0.0334284
0.0334057
0.0230467
0.0230238
0.0167062
0.0166846
0.0126079
0.0125877
0.00982698
0.00980824
0.00786198
0.00784472
0.00642615
0.00641018
0.00534705
0.00533222
0.00451655
0.00450275
0.00386429
0.0038514
0.00334299
0.00333091
0.00291999
0.00290862
0.00257215
0.00256142
0.00228274
0.00227259
0.00203941
0.00202978
0.00183291
0.00182375
0.00165618
0.00164745
0.00150378
0.00149545
0.00137145
0.00136348
0.00125583
0.00124819
0.00115421
0.00114688
0.00106444
0.00105738
0.167062
0.133776
0.133887
0.0837507
0.0837492
0.0516052
0.0515858
0.0335673
0.0335455
0.0231613
0.0231383
0.0167977
0.0167765
0.0126812
0.0126612
0.00988628
0.0098677
0.00791066
0.00789353
0.00646667
0.00645082
0.00538121
0.00536651
0.0045457
0.00453201
0.00388943
0.00387663
0.00336488
0.00335288
0.0029392
0.00292791
0.00258914
0.00257849
0.00229786
0.00228778
0.00205296
0.0020434
0.00184511
0.00183602
0.00166723
0.00165856
0.00151383
0.00150555
0.00138063
0.00137271
0.00126424
0.00125665
0.00116195
0.00115466
0.00107158
0.00106457
0.166016
0.133377
0.133341
0.0837654
0.0837929
0.0517461
0.0517296
0.0337091
0.0336871
0.023278
0.0232564
0.0168912
0.0168698
0.0127558
0.012736
0.0099466
0.00992821
0.00796015
0.00794317
0.00650786
0.00649214
0.00541595
0.00540135
0.00457534
0.00456174
0.00391498
0.00390228
0.00338712
0.0033752
0.00295872
0.00294751
0.0026064
0.00259583
0.00231323
0.00230322
0.00206673
0.00205723
0.00185751
0.00184848
0.00167845
0.00166985
0.00152404
0.00151582
0.00138995
0.00138209
0.00127279
0.00126525
0.00116981
0.00116258
0.00107884
0.00107188
0.16493
0.133219
0.132896
0.0837169
0.0837587
0.0518719
0.0518558
0.0338357
0.0338157
0.0233845
0.0233635
0.016977
0.0169562
0.012825
0.0128053
0.0100027
0.00998445
0.00800631
0.00798945
0.00654631
0.00653072
0.0054484
0.00543393
0.00460305
0.00458956
0.0039389
0.00392629
0.00340794
0.00339612
0.00297701
0.00296588
0.00262258
0.00261208
0.00232764
0.0023177
0.00207964
0.00207021
0.00186914
0.00186018
0.00168898
0.00168044
0.00153362
0.00152545
0.0013987
0.00139089
0.00128081
0.00127332
0.00117719
0.00117
0.00108565
0.00107873
0.163992
0.132733
0.132133
0.0838018
0.0838153
0.052023
0.0520121
0.0339861
0.0339664
0.0235089
0.0234874
0.0170755
0.0170549
0.0129035
0.012884
0.0100661
0.0100481
0.00805831
0.00804161
0.00658959
0.0065741
0.00548489
0.00547051
0.00463418
0.00462078
0.00396573
0.0039532
0.0034313
0.00341955
0.0029975
0.00298645
0.0026407
0.00263027
0.00234378
0.0023339
0.00209409
0.00208472
0.00188216
0.00187325
0.00170077
0.00169228
0.00154433
0.00153622
0.00140849
0.00140072
0.00128978
0.00128234
0.00118545
0.0011783
0.00109327
0.00108639
0.162932
0.132422
0.131827
0.0837547
0.0838247
0.0521458
0.0521353
0.0341065
0.0340884
0.0236111
0.0235898
0.0171586
0.0171381
0.0129704
0.0129511
0.0101205
0.0101026
0.00810307
0.00808651
0.00662693
0.00661158
0.00551644
0.00550218
0.00466113
0.00464784
0.003989
0.00397656
0.00345157
0.0034399
0.00301531
0.00300433
0.00265646
0.0026461
0.00235781
0.002348
0.00210667
0.00209736
0.00189349
0.00188464
0.00171103
0.00170259
0.00155367
0.00154561
0.00141701
0.0014093
0.00129759
0.0012902
0.00119264
0.00118554
0.0010999
0.00109308
0.162044
0.131403
0.131645
0.083811
0.0838249
0.0522999
0.05228
0.0342581
0.0342379
0.0237344
0.0237134
0.017257
0.0172363
0.0130487
0.0130296
0.0101838
0.0101661
0.00815506
0.00813859
0.0066702
0.00665495
0.00555291
0.00553875
0.00469225
0.00467904
0.00401583
0.00400348
0.00347493
0.00346334
0.00303581
0.0030249
0.00267459
0.0026643
0.00237396
0.00236421
0.00212113
0.00211188
0.00190652
0.00189773
0.00172283
0.00171444
0.00156439
0.00155638
0.00142681
0.00141914
0.00130657
0.00129923
0.0012009
0.00119384
0.00110753
0.00110074
0.161154
0.130664
0.131173
0.0838822
0.0838684
0.052445
0.0524352
0.0344027
0.0343828
0.0238542
0.0238327
0.0173521
0.0173318
0.0131249
0.013106
0.0102456
0.010228
0.00820579
0.00818943
0.00671242
0.00669729
0.00558855
0.00557447
0.00472266
0.00470955
0.00404206
0.00402979
0.00349776
0.00348625
0.00305586
0.00304502
0.00269233
0.00268209
0.00238975
0.00238006
0.00213528
0.00212609
0.00191927
0.00191052
0.00173437
0.00172603
0.00157489
0.00156693
0.00143639
0.00142877
0.00131536
0.00130806
0.00120899
0.00120197
0.00111499
0.00110825
0.160202
0.130676
0.130376
0.0838536
0.0838678
0.0525714
0.0525522
0.0345285
0.034509
0.0239604
0.0239399
0.017438
0.0174181
0.0131943
0.0131754
0.0103019
0.0102844
0.00825214
0.00823594
0.00675111
0.00673608
0.00562123
0.00560726
0.00475059
0.00473756
0.00406617
0.00405398
0.00351876
0.00350732
0.00307431
0.00306354
0.00270865
0.00269848
0.00240429
0.00239466
0.00214831
0.00213917
0.00193101
0.00192232
0.001745
0.00173671
0.00158456
0.00157665
0.00144523
0.00143765
0.00132346
0.0013162
0.00121644
0.00120946
0.00112187
0.00111517
0.159302
0.13018
0.129884
0.0838956
0.0838825
0.0526967
0.0526827
0.0346601
0.0346408
0.0240705
0.024051
0.017527
0.0175071
0.0132658
0.013247
0.01036
0.0103427
0.00829994
0.00828387
0.00679101
0.00677608
0.00565491
0.00564103
0.00477936
0.00476642
0.004091
0.00407889
0.00354039
0.00352903
0.0030933
0.0030826
0.00272546
0.00271536
0.00241926
0.0024097
0.00216172
0.00215265
0.0019431
0.00193446
0.00175594
0.00174771
0.00159452
0.00158665
0.00145432
0.00144679
0.0013318
0.00132458
0.00122411
0.00121718
0.00112895
0.00112229
0.158303
0.129596
0.130088
0.0838188
0.0838333
0.0527809
0.0527672
0.0347633
0.0347467
0.024162
0.0241423
0.0176024
0.0175828
0.0133271
0.0133085
0.0104101
0.010393
0.00834136
0.00832544
0.00682565
0.00681087
0.00568425
0.00567048
0.00480447
0.00479162
0.00411269
0.00410067
0.00355931
0.00354803
0.00310993
0.00309931
0.00274018
0.00273015
0.00243238
0.00242288
0.00217349
0.00216447
0.0019537
0.00194512
0.00176555
0.00175737
0.00160325
0.00159544
0.0014623
0.00145483
0.00133912
0.00133195
0.00123085
0.00122396
0.00113517
0.00112855
0.157531
0.128933
0.129416
0.083851
0.0838657
0.0529374
0.0529193
0.0349134
0.0348947
0.0242847
0.0242653
0.0177
0.0176809
0.0134055
0.0133871
0.0104736
0.0104566
0.00839355
0.00837773
0.00686912
0.00685443
0.00572093
0.00570724
0.00483578
0.00482302
0.00413971
0.00412776
0.00358283
0.00357161
0.00313059
0.00312002
0.00275845
0.00274848
0.00244865
0.00243921
0.00218807
0.0021791
0.00196684
0.0019583
0.00177744
0.0017693
0.00161407
0.0016063
0.00147218
0.00146474
0.00134818
0.00134105
0.00123918
0.00123233
0.00114287
0.00113628
0.156769
0.128532
0.128501
0.083852
0.0839207
0.0530903
0.0530724
0.0350599
0.0350403
0.0244063
0.0243867
0.0177973
0.0177779
0.013483
0.0134649
0.0105366
0.0105197
0.00844529
0.00842956
0.00691223
0.00689763
0.00575732
0.00574372
0.00486685
0.00485416
0.00416652
0.00415464
0.00360618
0.00359502
0.00315109
0.00314058
0.00277659
0.00276667
0.00246481
0.00245541
0.00220254
0.00219362
0.00197987
0.00197139
0.00178925
0.00178115
0.00162481
0.00161708
0.00148199
0.00147459
0.00135717
0.00135008
0.00124746
0.00124064
0.0011505
0.00114395
0.155736
0.128654
0.128372
0.0837782
0.083793
0.0531436
0.0531261
0.0351406
0.0351236
0.0244813
0.024462
0.0178609
0.0178416
0.0135355
0.0135176
0.0105798
0.0105631
0.00848127
0.00846567
0.00694245
0.00692796
0.00578296
0.00576948
0.00488885
0.00487626
0.00418556
0.00417377
0.0036228
0.00361173
0.00316572
0.00315529
0.00278955
0.0027797
0.00247637
0.00246704
0.00221291
0.00220406
0.00198923
0.0019808
0.00179772
0.00178969
0.00163252
0.00162485
0.00148904
0.00148169
0.00136364
0.00135659
0.00125341
0.00124664
0.001156
0.00114949
0.154957
0.127968
0.127939
0.0838035
0.0838185
0.0532663
0.0532538
0.0352722
0.0352567
0.0245931
0.0245736
0.0179508
0.0179321
0.0136081
0.0135904
0.0106389
0.0106222
0.00852991
0.00851441
0.00698304
0.00696865
0.00581726
0.00580386
0.00491816
0.00490564
0.00421087
0.00419914
0.00364485
0.00363384
0.00318508
0.00317472
0.00280669
0.0027969
0.00249164
0.00248236
0.0022266
0.00221779
0.00200156
0.00199318
0.00180889
0.0018009
0.00164268
0.00163505
0.00149832
0.00149101
0.00137215
0.00136514
0.00126124
0.00125451
0.00116323
0.00115676
0.154191
0.127539
0.127265
0.0838262
0.0838148
0.0534008
0.0533839
0.0354034
0.0353857
0.0247034
0.0246853
0.0180401
0.0180216
0.0136803
0.0136626
0.0106975
0.010681
0.00857823
0.00856285
0.00702341
0.00700909
0.00585137
0.00583805
0.00494731
0.00493487
0.00423604
0.00422439
0.00366679
0.00365584
0.00320436
0.00319405
0.00282375
0.00281401
0.00250684
0.00249761
0.00224022
0.00223146
0.00201384
0.0020055
0.00182001
0.00181206
0.0016528
0.0016452
0.00150756
0.00150029
0.00138062
0.00137365
0.00126903
0.00126234
0.00117043
0.00116399
0.153319
0.127015
0.127228
0.0837812
0.0837964
0.0534818
0.0534699
0.0355053
0.0354903
0.0247938
0.0247751
0.018115
0.0180965
0.0137411
0.0137235
0.0107475
0.0107311
0.00861956
0.00860432
0.00705802
0.00704382
0.00588071
0.00586748
0.00497244
0.00496009
0.00425777
0.00424619
0.00368574
0.00367487
0.00322103
0.00321078
0.00283852
0.00282884
0.00252
0.00251083
0.00225202
0.00224332
0.00202448
0.00201619
0.00182965
0.00182175
0.00166157
0.00165402
0.00151558
0.00150835
0.00138797
0.00138104
0.0012758
0.00126914
0.00117667
0.00117027
0.152657
0.126899
0.12592
0.0839201
0.0837264
0.053634
0.0536082
0.0356525
0.0356353
0.0249154
0.0248977
0.0182121
0.0181939
0.0138192
0.0138019
0.0108109
0.0107945
0.00867177
0.00865658
0.00710154
0.00708743
0.00591744
0.00590429
0.00500382
0.00499154
0.00428485
0.00427334
0.00370934
0.00369852
0.00324175
0.00323156
0.00285685
0.00284722
0.00253633
0.00252721
0.00226666
0.002258
0.00203767
0.00202942
0.00184159
0.00183373
0.00167244
0.00166492
0.0015255
0.00151831
0.00139707
0.00139018
0.00128417
0.00127755
0.0011844
0.00117803
0.151736
0.126084
0.126528
0.0837503
0.0837657
0.0536835
0.0536769
0.0357345
0.0357176
0.0249904
0.0249714
0.0182763
0.0182577
0.0138719
0.0138548
0.0108545
0.0108384
0.00870811
0.00869306
0.0071321
0.00711809
0.00594342
0.00593036
0.0050261
0.00501391
0.00430415
0.00429272
0.0037262
0.00371545
0.00325659
0.00324646
0.00287
0.00286044
0.00254806
0.002539
0.00227719
0.00226858
0.00204716
0.00203897
0.00185019
0.00184238
0.00168027
0.0016728
0.00153266
0.00152551
0.00140364
0.00139679
0.00129022
0.00128364
0.00118999
0.00118365
0.151086
0.125497
0.125934
0.0836711
0.083738
0.053813
0.0538161
0.0358688
0.0358569
0.0251062
0.0250889
0.0183704
0.0183523
0.0139481
0.0139312
0.0109164
0.0109004
0.00875906
0.00874405
0.00717462
0.00716069
0.00597935
0.00596637
0.00505682
0.00504468
0.00433067
0.0043193
0.0037493
0.00373861
0.00327689
0.00326682
0.00288797
0.00287845
0.00256407
0.00255505
0.00229153
0.00228297
0.00206009
0.00205194
0.0018619
0.00185413
0.00169092
0.00168349
0.00154239
0.00153528
0.00141256
0.00140574
0.00129843
0.00129188
0.00119757
0.00119126
0.150301
0.125716
0.124771
0.0837657
0.0838326
0.0539161
0.0539006
0.0359738
0.0359598
0.0251981
0.0251818
0.0184462
0.0184282
0.0140101
0.0139931
0.0109672
0.0109513
0.00880116
0.00878635
0.00720992
0.00719611
0.00600928
0.00599638
0.00508246
0.00507039
0.00435285
0.00434154
0.00376865
0.00375803
0.00329391
0.00328389
0.00290304
0.00289358
0.00257751
0.00256854
0.00230359
0.00229507
0.00207096
0.00206285
0.00187175
0.00186402
0.00169988
0.00169249
0.00155058
0.0015435
0.00142007
0.00141329
0.00130534
0.00129883
0.00120395
0.00119768
0.149721
0.124721
0.124244
0.0838628
0.0837763
0.0540582
0.0540618
0.0361237
0.0361075
0.0253215
0.0253046
0.0185451
0.0185278
0.0140899
0.0140727
0.0110319
0.011016
0.0088544
0.00883961
0.00725433
0.00724057
0.00604678
0.00603394
0.0051145
0.00510251
0.00438051
0.00436926
0.00379276
0.00378218
0.00331508
0.00330511
0.00292178
0.00291236
0.00259421
0.00258528
0.00231855
0.00231007
0.00208444
0.00207637
0.00188396
0.00187626
0.00171099
0.00170363
0.00156073
0.00155368
0.00142938
0.00142262
0.0013139
0.00130741
0.00121185
0.00120561
0.148853
0.124395
0.124368
0.0836889
0.0838059
0.0541281
0.0540942
0.0362047
0.0361888
0.0253949
0.0253767
0.0186069
0.0185892
0.0141407
0.0141242
0.0110742
0.0110584
0.00888964
0.00887502
0.00728402
0.00727037
0.00607204
0.00605932
0.0051362
0.00512428
0.00439932
0.00438814
0.00380919
0.00379869
0.00332955
0.00331965
0.00293462
0.00292526
0.00260566
0.00259679
0.00232882
0.0023204
0.00209371
0.00208569
0.00189236
0.00188471
0.00171864
0.00171133
0.00156772
0.00156072
0.00143579
0.00142908
0.00131981
0.00131336
0.00121731
0.0012111
0.148032
0.124542
0.124071
0.0835839
0.0835995
0.0541799
0.0541651
0.0362854
0.0362721
0.0254707
0.0254542
0.0186713
0.0186541
0.0141944
0.0141778
0.0111185
0.011103
0.00892661
0.0089121
0.00731511
0.00730156
0.00609848
0.00608585
0.0051589
0.00514705
0.00441898
0.00440787
0.00382636
0.00381593
0.00334467
0.00333483
0.00294802
0.00293872
0.00261762
0.0026088
0.00233956
0.00233118
0.00210339
0.00209542
0.00190114
0.00189353
0.00172663
0.00171936
0.00157502
0.00156806
0.00144249
0.00143582
0.00132598
0.00131956
0.001223
0.00121684
0.147266
0.123838
0.124252
0.0835522
0.083568
0.0542457
0.0542125
0.0363753
0.0363599
0.0255531
0.0255376
0.0187412
0.0187239
0.0142518
0.0142352
0.0111658
0.0111504
0.00896594
0.00895151
0.00734814
0.00733471
0.00612655
0.00611394
0.00518294
0.00517118
0.0044398
0.00442877
0.00384455
0.00383417
0.00336068
0.00335089
0.00296221
0.00295296
0.00263027
0.0026215
0.00235091
0.00234258
0.00211363
0.0021057
0.00191042
0.00190285
0.00173507
0.00172784
0.00158274
0.00157582
0.00144957
0.00144293
0.0013325
0.00132612
0.00122903
0.00122289
0.146633
0.123679
0.12322
0.0836369
0.0835532
0.0543728
0.0543398
0.0364913
0.0364785
0.0256578
0.0256402
0.0188257
0.0188086
0.0143204
0.014304
0.0112219
0.0112067
0.00901237
0.00899803
0.00738699
0.00737364
0.00615943
0.00614691
0.0052111
0.00519941
0.00446415
0.00445318
0.00386579
0.00385547
0.00337935
0.00336962
0.00297875
0.00296954
0.00264501
0.00263629
0.00236413
0.00235584
0.00212555
0.00211766
0.00192121
0.00191369
0.0017449
0.0017377
0.00159172
0.00158483
0.00145781
0.0014512
0.00134008
0.00133373
0.00123602
0.00122992
0.145623
0.124062
0.123602
0.0833994
0.0834647
0.0543355
0.0543215
0.0365165
0.0365039
0.0256921
0.0256755
0.0188601
0.0188428
0.0143503
0.0143343
0.011248
0.0112327
0.00903463
0.00902042
0.00740605
0.00739278
0.00617583
0.00616343
0.00522532
0.00521371
0.00447655
0.00446567
0.00387669
0.00386644
0.00338899
0.00337933
0.00298732
0.00297819
0.00265268
0.00264402
0.00237103
0.0023628
0.00213178
0.00212395
0.00192687
0.0019194
0.00175006
0.00174292
0.00159644
0.0015896
0.00146215
0.00145558
0.00134407
0.00133777
0.00123972
0.00123365
0.145307
0.122861
0.122412
0.0835024
0.0835183
0.0545324
0.0545279
0.0367068
0.0366873
0.0258445
0.025828
0.0189811
0.0189645
0.0144475
0.0144314
0.0113264
0.0113112
0.00909897
0.00908481
0.00745963
0.00744641
0.00622101
0.00620866
0.0052639
0.00525234
0.00450982
0.00449898
0.00390566
0.00389545
0.00341442
0.00340479
0.00300982
0.00300071
0.00267272
0.00266409
0.00238898
0.00238078
0.00214796
0.00214015
0.00194152
0.00193407
0.00176338
0.00175626
0.00160861
0.00160179
0.0014733
0.00146676
0.00135434
0.00134805
0.00124919
0.00124314
0.144697
0.121864
0.122257
0.0835783
0.0835454
0.0546336
0.05462
0.0368154
0.036808
0.0259435
0.0259287
0.019063
0.0190469
0.0145142
0.0144984
0.0113812
0.0113662
0.00914432
0.00913028
0.00749768
0.00748452
0.00625328
0.00624099
0.00529153
0.00528002
0.00453372
0.00452293
0.00392652
0.00391635
0.00343277
0.00342319
0.00302607
0.003017
0.00268721
0.00267862
0.00240198
0.00239381
0.00215968
0.0021519
0.00195214
0.00194472
0.00177304
0.00176595
0.00161744
0.00161065
0.0014814
0.00147489
0.00136179
0.00135553
0.00125608
0.00125005
0.143951
0.122002
0.121978
0.083373
0.0834374
0.0546775
0.0546642
0.0368948
0.0368804
0.0260161
0.0260007
0.019125
0.019109
0.0145659
0.01455
0.0114241
0.0114092
0.00918018
0.00916624
0.00752793
0.00751487
0.00627901
0.0062668
0.00531365
0.00530221
0.0045529
0.00454217
0.00394328
0.00393318
0.00344754
0.00343801
0.00303917
0.00303016
0.0026989
0.00269036
0.00241247
0.00240435
0.00216915
0.00216142
0.00196072
0.00195335
0.00178086
0.00177381
0.00162459
0.00161783
0.00148796
0.00148148
0.00136783
0.00136161
0.00126165
0.00125567
0.143365
0.12144
0.121416
0.0834478
0.0834156
0.0547769
0.0547637
0.0370068
0.036995
0.0261157
0.0260997
0.0192066
0.019191
0.0146324
0.014617
0.0114788
0.0114639
0.00922546
0.0092116
0.00756585
0.00755286
0.00631117
0.00629903
0.00534119
0.00532982
0.00457674
0.00456606
0.00396408
0.00395403
0.00346583
0.00345635
0.00305538
0.00304641
0.00271336
0.00270485
0.00242544
0.00241735
0.00218083
0.00217314
0.00197131
0.00196397
0.0017905
0.00178348
0.00163339
0.00162667
0.00149604
0.00148959
0.00137527
0.00136907
0.00126852
0.00126256
0.142738
0.120845
0.121226
0.0833954
0.0833635
0.0548738
0.0548609
0.037107
0.0370906
0.0262047
0.0261881
0.0192801
0.0192644
0.0146933
0.0146778
0.0115288
0.0115141
0.00926725
0.0092534
0.00760093
0.00758804
0.00634095
0.00632888
0.00536675
0.00535544
0.00459886
0.00458824
0.0039834
0.0039734
0.00348284
0.00347341
0.00307045
0.00306153
0.0027268
0.00271834
0.0024375
0.00242946
0.00219172
0.00218406
0.00198118
0.00197387
0.00179948
0.00179249
0.0016416
0.00163491
0.00150357
0.00149715
0.0013822
0.00137603
0.00127492
0.00126899
0.142187
0.120715
0.120293
0.0833812
0.0833019
0.0549673
0.054973
0.0372187
0.0372144
0.0263044
0.0262895
0.0193633
0.0193471
0.0147611
0.0147455
0.0115843
0.0115698
0.00931311
0.00929942
0.00763943
0.00762657
0.00637359
0.00636157
0.00539472
0.00538346
0.00462306
0.0046125
0.00400452
0.00399457
0.00350142
0.00349203
0.00308692
0.00307803
0.00274148
0.00273306
0.00245067
0.00244266
0.00220359
0.00219597
0.00199194
0.00198466
0.00180927
0.00180231
0.00165055
0.00164389
0.00151178
0.00150539
0.00138976
0.00138361
0.0012819
0.00127599
0.141431
0.120403
0.120379
0.0832876
0.0833511
0.0550222
0.0549914
0.0372802
0.0372666
0.0263636
0.0263497
0.0194164
0.0194007
0.0148057
0.0147906
0.011622
0.0116074
0.00934476
0.00933114
0.0076662
0.00765348
0.00639648
0.00638452
0.00541442
0.00540324
0.00464018
0.00462967
0.00401951
0.00400962
0.00351464
0.00350531
0.00309865
0.00308982
0.00275197
0.00274359
0.00246009
0.00245212
0.00221209
0.00220451
0.00199965
0.00199241
0.00181629
0.00180938
0.00165697
0.00165035
0.00151767
0.00151132
0.00139519
0.00138908
0.00128692
0.00128104
0.140694
0.120889
0.120076
0.0831511
0.0830263
0.055024
0.05503
0.0373428
0.0373294
0.0264267
0.0264099
0.0194695
0.0194543
0.0148508
0.0148358
0.0116599
0.0116456
0.00937655
0.00936309
0.00769322
0.00768056
0.00641954
0.0064077
0.00543433
0.0054232
0.00465746
0.00464702
0.00403463
0.00402481
0.00352798
0.00351871
0.0031105
0.00310172
0.00276255
0.00275422
0.00246959
0.00246168
0.00222067
0.00221314
0.00200743
0.00200024
0.00182339
0.00181651
0.00166346
0.00165687
0.00152363
0.0015173
0.00140067
0.00139459
0.00129198
0.00128614
0.140167
0.119194
0.12073
0.0830399
0.0831027
0.0551034
0.0551095
0.0374508
0.0374376
0.0265247
0.026508
0.0195501
0.0195355
0.0149173
0.0149021
0.0117144
0.0117
0.00942188
0.00940844
0.00773115
0.00771859
0.00645172
0.00643993
0.00546189
0.00545084
0.00468134
0.00467094
0.00405548
0.0040457
0.00354633
0.00353709
0.00312675
0.00311801
0.00277705
0.00276875
0.0024826
0.00247472
0.0022324
0.00222489
0.00201806
0.00201089
0.00183306
0.00182621
0.0016723
0.00166574
0.00153174
0.00152544
0.00140814
0.00140209
0.00129888
0.00129306
0.139599
0.119028
0.119773
0.0830852
0.0832411
0.0552165
0.0551863
0.0375492
0.0375362
0.0266094
0.0265944
0.0196244
0.0196094
0.0149777
0.0149628
0.0117644
0.0117501
0.00946361
0.00945013
0.00776615
0.00775366
0.00648149
0.00646974
0.00548746
0.00547643
0.00470347
0.00469312
0.00407482
0.00406508
0.00356335
0.00355415
0.00314184
0.00313314
0.00279051
0.00278226
0.00249467
0.00248683
0.0022433
0.00223583
0.00202794
0.0020208
0.00184205
0.00183523
0.00168052
0.00167399
0.00153928
0.00153301
0.00141508
0.00140906
0.00130529
0.0012995
0.139104
0.118916
0.118894
0.083075
0.0830449
0.0553174
0.0553057
0.0376594
0.0376512
0.0267105
0.0266941
0.0197062
0.0196913
0.0150449
0.0150297
0.0118198
0.0118054
0.00950946
0.00949605
0.0078047
0.0077922
0.00651415
0.00650252
0.00551546
0.00550451
0.00472771
0.00471741
0.00409598
0.00408629
0.00358197
0.00357281
0.00315835
0.00314969
0.00280523
0.00279701
0.00250788
0.00250007
0.00225521
0.00224777
0.00203873
0.00203163
0.00185188
0.00184509
0.0016895
0.00168299
0.00154752
0.00154127
0.00142266
0.00141666
0.0013123
0.00130652
0.138241
0.119238
0.119217
0.0830229
0.0829012
0.0552308
0.0552737
0.0376711
0.0376631
0.0267369
0.0267238
0.0197358
0.0197199
0.0150712
0.0150566
0.0118426
0.0118286
0.00952929
0.00951617
0.00782189
0.0078095
0.006529
0.00651743
0.00552838
0.00551751
0.00473904
0.00472881
0.00410596
0.00409633
0.0035908
0.00358172
0.00316622
0.00315762
0.00281228
0.00280412
0.00251423
0.00250648
0.00226096
0.00225357
0.00204396
0.0020369
0.00185664
0.0018499
0.00169387
0.0016874
0.00155153
0.00154533
0.00142636
0.0014204
0.00131572
0.00130998
0.137876
0.118471
0.118449
0.0829871
0.0828664
0.0553746
0.0553632
0.0378197
0.0377977
0.0268586
0.026841
0.0198324
0.0198177
0.0151502
0.0151357
0.0119072
0.0118932
0.00958254
0.00956948
0.00786647
0.00785416
0.00656683
0.00655527
0.00556073
0.00554992
0.00476701
0.00475682
0.00413036
0.00412076
0.00361227
0.00360321
0.00318523
0.00317665
0.00282923
0.00282109
0.00252943
0.00252169
0.00227466
0.00226729
0.00205637
0.00204933
0.00186794
0.00186121
0.00170419
0.00169774
0.001561
0.00155481
0.00143508
0.00142913
0.00132376
0.00131804
0.137138
0.118875
0.118111
0.0829051
0.0827851
0.0554187
0.0553715
0.0378537
0.0378461
0.0269027
0.0268883
0.019875
0.0198599
0.0151872
0.015173
0.0119385
0.0119246
0.00960933
0.00959637
0.00788929
0.00787713
0.00658641
0.00657494
0.00557771
0.00556693
0.00478176
0.00477167
0.00414332
0.00413379
0.00362372
0.00361472
0.00319541
0.00318689
0.00283834
0.00283025
0.00253762
0.00252993
0.00228206
0.00227473
0.00206308
0.00205609
0.00187406
0.00186737
0.00170979
0.00170338
0.00156614
0.00155999
0.00143982
0.00143391
0.00132814
0.00132245
0.136665
0.118752
0.117265
0.0827054
0.0828569
0.0554926
0.0554636
0.0379526
0.0379499
0.0269962
0.0269819
0.0199536
0.0199398
0.0152518
0.0152375
0.0119922
0.0119782
0.00965391
0.00964089
0.00792665
0.00791451
0.00661819
0.00660678
0.00560493
0.00559422
0.00480537
0.0047953
0.00416394
0.00415445
0.00364187
0.0036329
0.0032115
0.00320301
0.00285269
0.00284463
0.0025505
0.00254284
0.00229367
0.00228638
0.00207361
0.00206664
0.00188365
0.00187698
0.00171855
0.00171217
0.00157418
0.00156805
0.00144722
0.00144133
0.00133498
0.00132931
0.136067
0.117785
0.117764
0.0826074
0.0828477
0.0555301
0.0555193
0.0380283
0.0380163
0.0270647
0.0270521
0.0200132
0.0199995
0.0153023
0.0152876
0.012034
0.0120201
0.00968898
0.00967611
0.00795633
0.00794434
0.00664341
0.00663211
0.00562672
0.00561607
0.00482428
0.00481427
0.00418049
0.00417105
0.00365646
0.00364754
0.00322445
0.00321601
0.00286426
0.00285625
0.00256089
0.00255327
0.00230306
0.00229579
0.00208212
0.00207519
0.0018914
0.00188477
0.00172564
0.00171928
0.00158069
0.00157459
0.00145321
0.00144735
0.00134051
0.00133487
0.135811
0.117126
0.116395
0.0828009
0.0826833
0.055703
0.0556745
0.0381873
0.0381754
0.0272007
0.0271852
0.0201217
0.0201069
0.0153891
0.0153755
0.0121051
0.0120914
0.00974762
0.0097348
0.00800541
0.00799333
0.00668499
0.0066737
0.00566226
0.00565163
0.004855
0.00484501
0.00420727
0.00419786
0.00368001
0.00367111
0.0032453
0.00323688
0.00288284
0.00287485
0.00257756
0.00256995
0.00231808
0.00231083
0.00209573
0.00208881
0.00190378
0.00189717
0.00173696
0.00173062
0.00159107
0.00158498
0.00146276
0.00145691
0.00134933
0.00134371
0.135085
0.116779
0.116759
0.0827916
0.0826746
0.0556795
0.0557227
0.0382209
0.0382092
0.0272377
0.027227
0.0201592
0.0201446
0.0154227
0.0154087
0.0121337
0.0121199
0.00977206
0.00975926
0.00802636
0.00801443
0.00670305
0.00669178
0.00567787
0.00566733
0.00486864
0.00485869
0.00421926
0.0042099
0.00369061
0.00368176
0.00325474
0.00324637
0.00289129
0.00288334
0.00258515
0.00257759
0.00232495
0.00231774
0.00210197
0.00209509
0.00190947
0.00190289
0.00174216
0.00173586
0.00159585
0.0015898
0.00146717
0.00146135
0.00135341
0.00134781
0.134648
0.115978
0.116656
0.082599
0.0826592
0.0557885
0.0557604
0.0383236
0.0383074
0.0273307
0.0273201
0.0202382
0.0202237
0.0154873
0.0154731
0.012187
0.0121737
0.00981656
0.0098039
0.00806376
0.00805189
0.00673482
0.00672366
0.00570521
0.00569468
0.0048923
0.00488241
0.00423994
0.00423062
0.00370882
0.00370001
0.00327089
0.00326254
0.0029057
0.00289778
0.00259808
0.00259055
0.00233661
0.00232944
0.00211254
0.00210569
0.0019191
0.00191254
0.00175096
0.00174468
0.00160392
0.00159789
0.0014746
0.00146881
0.00136028
0.0013547
0.134249
0.116601
0.114524
0.0826903
0.0827505
0.0558916
0.0558814
0.038444
0.0384231
0.0274311
0.0274222
0.0203204
0.020306
0.015555
0.0155414
0.0122433
0.01223
0.00986329
0.00985063
0.00810301
0.00809119
0.00676818
0.00675702
0.00573378
0.00572332
0.00491706
0.00490723
0.00426157
0.00425229
0.00372786
0.00371909
0.00328777
0.00327946
0.00292076
0.00291287
0.0026116
0.00260409
0.0023488
0.00234165
0.00212359
0.00211676
0.00192916
0.00192262
0.00176016
0.0017539
0.00161236
0.00160635
0.00148237
0.0014766
0.00136745
0.00136189
0.133515
0.115542
0.116211
0.0824831
0.0825429
0.0558692
0.0558415
0.0384515
0.0384498
0.0274627
0.0274493
0.0203516
0.0203385
0.0155843
0.0155704
0.012268
0.0122548
0.00988475
0.00987218
0.00812154
0.00810974
0.00678418
0.00677308
0.00574771
0.00573729
0.00492924
0.00491946
0.00427229
0.00426306
0.00373736
0.00372864
0.00329624
0.00328797
0.00292834
0.0029205
0.00261843
0.00261097
0.00235498
0.00234787
0.00212921
0.00212242
0.00193428
0.00192779
0.00176485
0.00175863
0.00161667
0.0016107
0.00148635
0.0014806
0.00137113
0.0013656
0.133035
0.116765
0.114031
0.0825141
0.0825738
0.0559307
0.0559209
0.0385478
0.038532
0.0275395
0.0275308
0.0204198
0.0204063
0.015641
0.0156269
0.0123154
0.012302
0.00992412
0.00991168
0.00815477
0.00814309
0.00681251
0.0068015
0.00577208
0.00576171
0.00495038
0.00494065
0.0042908
0.0042816
0.00375367
0.00374498
0.0033107
0.00330247
0.00294126
0.00293345
0.00263003
0.0026226
0.00236545
0.00235837
0.0021387
0.00213194
0.00194293
0.00193646
0.00177276
0.00176656
0.00162393
0.00161798
0.00149303
0.00148731
0.0013773
0.00137179
0.132719
0.114708
0.114689
0.0823839
0.0825293
0.0560404
0.0560661
0.038661
0.0386643
0.0276533
0.0276401
0.0205109
0.0204986
0.0157161
0.0157021
0.0123767
0.012364
0.00997524
0.00996279
0.00819763
0.00818597
0.00684889
0.00683795
0.00580326
0.00579297
0.00497739
0.0049677
0.00431437
0.00430522
0.00377442
0.00376577
0.0033291
0.00332089
0.00295767
0.00294988
0.00264475
0.00263734
0.00237873
0.00237167
0.00215074
0.00214399
0.00195388
0.00194743
0.00178277
0.00177658
0.00163311
0.00162718
0.00150148
0.00149578
0.00138511
0.00137962
0.131787
0.115496
0.115477
0.0823814
0.0821834
0.0559208
0.0559289
0.0386198
0.038609
0.0276379
0.0276249
0.0205068
0.0204935
0.0157164
0.0157031
0.0123801
0.012367
0.00997934
0.00996706
0.00820189
0.00819025
0.00685297
0.0068421
0.00580709
0.00579685
0.00498092
0.00497129
0.00431759
0.0043085
0.00377736
0.00376876
0.00333177
0.00332363
0.00296011
0.00295238
0.00264698
0.00263962
0.00238077
0.00237376
0.00215261
0.00214592
0.00195561
0.0019492
0.00178436
0.00177822
0.00163459
0.00162869
0.00150285
0.00149718
0.00138638
0.00138092
0.131497
0.114825
0.114806
0.0821751
0.0821487
0.0560169
0.0560251
0.0387544
0.0387438
0.027752
0.0277376
0.0206011
0.0205867
0.0157927
0.0157794
0.0124425
0.0124296
0.0100311
0.010019
0.00824534
0.00823385
0.00688989
0.00687903
0.00583877
0.00582856
0.00500832
0.00499872
0.00434152
0.00433247
0.00379842
0.00378985
0.00335044
0.00334232
0.00297676
0.00296905
0.00266192
0.00265458
0.00239424
0.00238726
0.00216482
0.00215814
0.00196672
0.00196033
0.00179452
0.0017884
0.00164391
0.00163803
0.00151143
0.00150578
0.0013943
0.00138886
0.131212
0.114169
0.113502
0.0823946
0.0821989
0.0561824
0.0561731
0.0388836
0.0388731
0.0278611
0.0278483
0.0206945
0.0206802
0.0158693
0.0158553
0.0125051
0.0124922
0.0100829
0.0100708
0.00828885
0.00827744
0.00692681
0.00691599
0.00587038
0.00586023
0.00503572
0.00502616
0.00436546
0.00435641
0.00381947
0.00381093
0.0033691
0.003361
0.0029934
0.00298572
0.00267685
0.00266954
0.00240771
0.00240074
0.00217703
0.00217037
0.00197784
0.00197146
0.00180468
0.00179857
0.00165323
0.00164736
0.00152001
0.00151437
0.00140222
0.0013968
0.130599
0.113883
0.113864
0.0822338
0.0822078
0.0561512
0.0561421
0.0389178
0.0389122
0.0279064
0.0278907
0.0207331
0.0207207
0.0159044
0.0158908
0.0125353
0.0125228
0.010109
0.0100969
0.00831113
0.00829976
0.006946
0.00693527
0.00588701
0.00587691
0.00505025
0.00504072
0.0043782
0.00436921
0.00383076
0.00382226
0.00337914
0.00337109
0.00300239
0.00299475
0.00268494
0.00267766
0.00241503
0.00240809
0.00218367
0.00217704
0.00198389
0.00197755
0.00181022
0.00180414
0.00165832
0.00165248
0.0015247
0.00151909
0.00140656
0.00140116
