0.937817
0.020477
0.0185995
0.00543743
0.00444906
0.00252362
0.00185446
0.00147491
0.000966582
0.000977644
0.000564924
0.000701417
0.000350958
0.000531297
0.000223325
0.000418626
0.000139616
0.000339864
7.8007e-005
0.000282462
6.21972e-012
0.000239218
0
0.000205749
0
0.000179259
0
0.000157894
0
0.000140383
0
0.00012583
0
0.000113587
0
0.000103177
0
9.42427e-005
0
8.6509e-005
0
7.97641e-005
0
7.38412e-005
0
6.86078e-005
0
6.39576e-005
0
5.98043e-005
0
0.883241
0.0369152
0.0352572
0.00975433
0.00884174
0.00446035
0.00384011
0.00256865
0.00209953
0.00167962
0.00130214
0.00119021
0.000873992
0.000891419
0.000618922
0.000695185
0.000455348
0.000559099
0.000344502
0.000460669
0.000266081
0.000387048
0.000208628
0.000330455
0.000165286
0.000285954
0.000131744
0.000250282
0.000105171
0.000221214
8.36349e-005
0.000197191
6.57478e-005
0.000177089
5.04381e-005
0.000160083
3.67342e-005
0.000145556
2.33129e-005
0.00013304
1.30984e-012
0.000122172
0
0.000112669
0
0.000104306
0
9.69034e-005
0
9.03162e-005
0
0.835816
0.0509432
0.0494702
0.0135631
0.0127137
0.00617757
0.00559571
0.00353868
0.00309777
0.00230136
0.00194665
0.00162221
0.00132547
0.0012089
0.000953711
0.000938309
0.000714326
0.000751251
0.000551529
0.000616372
0.000436027
0.000515794
0.000351261
0.000438708
0.000287304
0.000378264
0.000237918
0.000329948
0.000199027
0.000290685
0.000167874
0.000258319
0.000142547
0.000231304
0.000121679
0.000208508
0.000104278
0.000189081
8.96075e-005
0.000172382
7.71081e-005
0.000157915
6.63509e-005
0.000145291
5.6999e-005
0.000134206
4.87825e-005
0.000124414
4.14789e-005
0.000115719
3.48964e-005
0.794417
0.0630392
0.0617243
0.0169647
0.0161704
0.00772118
0.00717235
0.00441225
0.00399526
0.0028615
0.00252575
0.00201134
0.00173043
0.00149471
0.00125322
0.00115701
0.000945199
0.000923941
0.000735245
0.000756159
0.000585968
0.000631249
0.000476192
0.000535668
0.000393212
0.000460842
0.000329032
0.000401122
0.000278419
0.000352666
0.000237835
0.000312782
0.000204819
0.000279542
0.000177616
0.000251532
0.000154951
0.000227697
0.000135875
0.000207237
0.000119674
0.000189535
0.000105801
0.00017411
9.38311e-005
0.000160581
8.34314e-005
0.000148647
7.43365e-005
0.000138061
6.63337e-005
0.75786
0.0735481
0.0723697
0.0200291
0.0192833
0.0091215
0.00860175
0.00520656
0.00481053
0.00337129
0.00305204
0.00236559
0.00209836
0.0017549
0.00152515
0.00135607
0.00115458
0.00108107
0.000901622
0.000883297
0.000721516
0.000736206
0.000588891
0.000623765
0.000488507
0.000535827
0.000410769
0.000465712
0.000349391
0.000408877
0.000300119
0.000362142
0.000259993
0.000323229
0.000226903
0.00029047
0.000199308
0.000262619
0.000176068
0.000238733
0.000156321
0.000218086
0.000139407
0.00020011
0.000124815
0.000184359
0.000112141
0.000170475
0.000101067
0.00015817
9.13353e-005
0.725312
0.082739
0.0816794
0.0228106
0.0221081
0.0104018
0.009908
0.00593467
0.00555725
0.0038391
0.00353446
0.00269084
0.00243568
0.00199384
0.00177441
0.00153888
0.00134643
0.00122536
0.00105397
0.00100003
0.000845541
0.000832556
0.000691911
0.000704618
0.000575522
0.000604627
0.000485308
0.000524956
0.000414017
0.000460418
0.000356739
0.000407384
0.000310056
0.000363256
0.000271526
0.000326131
0.000239371
0.000294589
0.000212272
0.000267554
0.00018923
0.0002442
0.000169482
0.000223881
0.000152435
0.000206087
0.000137624
0.000190412
0.000124676
0.000176529
0.000113296
0.696131
0.0908242
0.0898685
0.0253521
0.0246885
0.0115806
0.01111
0.00660677
0.00624602
0.00427145
0.00397987
0.00299162
0.00274725
0.00221488
0.00200465
0.00170802
0.0015236
0.00135887
0.00119464
0.00110804
0.000960003
0.000921701
0.00078694
0.000779417
0.000655739
0.000668267
0.000553976
0.000579748
0.000473506
0.000508077
0.000408813
0.000449211
0.000356052
0.000400254
0.00031248
0.000359085
0.000276096
0.000324124
0.000245414
0.000294174
0.000219311
0.000268314
0.000196928
0.000245824
0.000177597
0.000226139
0.000160791
0.000208806
0.000146095
0.000193461
0.000133172
0.670023
0.0980043
0.0971399
0.0276966
0.0270679
0.0126763
0.0122265
0.00723327
0.00688747
0.00467499
0.00439511
0.00327256
0.00303782
0.00242142
0.0022194
0.00186611
0.00168886
0.00148368
0.00132581
0.00120903
0.00106671
0.00100505
0.000875504
0.00084935
0.000730468
0.000727767
0.000617917
0.000630973
0.000528872
0.000552631
0.000457249
0.000488309
0.000398809
0.000434834
0.000350523
0.000389883
0.000310184
0.000351725
0.000276152
6.43014e-009
0.000247186
0.0002909
0.000222336
0.00026637
0.000200865
0.000244907
0.000182192
0.000226016
0.000165855
0.000209299
0.000151484
0.646778
0.104459
0.103675
0.0298844
0.029287
0.0137066
0.0132755
0.00782401
0.00749155
0.00505601
0.00478655
0.00353802
0.00331186
0.00261668
0.00242196
0.00201561
0.00184472
0.00160174
0.00144951
5.77259e-009
0.00116733
0.00108426
0.000958987
0.000915769
0.000800888
0.000784242
0.000678149
0.000679571
0.000581005
0.000594885
0.000502838
0.000525378
0.000439032
0.000467612
0.000386294
0.000419069
0.000342219
0.000377876
0.00030502
0.00034261
0.000273348
0.00031218
0.000246167
0.000285733
0.000222673
0.0002626
0.000202233
0.000242245
0.000184345
0.000224236
0.000168604
2.52863e-007
0.292579
0.290837
0.0846974
0.0832544
0.0389401
0.0378648
0.0222415
0.0214019
0.0143736
0.013689
0.0100564
0.00947993
0.00743547
0.00693818
0.00572556
0.00528858
0.00454822
0.00415863
0.00370294
0.00335152
0.00307541
0.00275539
0.00259663
0.00230286
0.00222292
0.00195142
0.00192554
0.00167317
0.00168497
0.00144921
0.00148755
0.00126634
0.00132351
0.00111514
0.00118568
0.000988737
0.00106875
0.000882025
0.000968655
0.000791139
0.000882305
0.000713119
0.000807276
0.000645663
0.00074166
0.000586959
0.000683934
0.000535569
0.000632874
0.000490335
0.497968
0.141095
0.14197
0.0450925
0.0448405
0.0211983
0.0208809
0.0121984
0.0119156
0.00790564
0.00766187
0.00553649
0.00532522
0.00409387
0.0039085
0.00315115
0.00298649
0.0025015
0.00235362
0.0020349
0.000456082
0.00168846
0.000678747
0.00142416
7.00441e-005
0.00121791
0.000481088
0.00105385
0.000413752
0.000921174
0.000516731
0.000812349
0.000178762
0.000721965
3.68886e-005
0.000646067
0.000142812
0.000581705
0.000126839
0.000526646
2.93465e-005
0.000479174
5.09986e-005
0.00043795
9.46361e-005
0.000401919
0.000214239
0.000370239
0.000137275
0.000342235
0.000127202
0.445285
0.149536
0.150111
0.0502292
0.049963
0.0239042
0.0235927
0.0138146
0.0135395
0.00896893
0.00873247
0.00628582
0.0060811
0.00464915
0.00446963
0.00357856
0.00341915
0.00284038
0.00269724
0.00231001
0.00218024
0.00191617
0.00179755
0.00161569
0.0015065
0.00138121
0.00128009
0.0011947
0.00110055
0.0010439
0.000955827
0.000920215
0.000837494
0.000817508
0.000739526
0.000731275
0.00065752
0.000658163
0.000588201
0.000595632
0.000163457
0.000541727
0.000232306
0.000494926
0.000135127
0.000454029
0.000191327
0.000418079
0.000237991
0.000386306
0.000218748
0.410365
0.15478
0.155241
0.0541964
0.0539428
0.0260772
0.0257792
0.0151309
0.0148665
0.00984064
0.0096128
0.00690236
0.00670479
0.00510701
0.0049336
0.00393148
0.00377739
0.00312045
0.00298203
0.00253753
0.002412
0.00210457
0.00198981
0.00177421
0.00166856
0.0015164
0.00141854
0.00131133
0.00122021
0.00114552
0.00106028
0.00100955
0.00092948
0.000896637
0.000821156
0.000801847
0.000730457
0.00072149
0.000653771
0.000652768
0.000588362
0.000593535
0.000532132
0.000542114
0.000483446
0.000497186
0.000441019
0.000457698
0.000403826
0.000422803
0.000371044
0.383862
0.158181
0.158582
0.0574552
0.0572197
0.0279302
0.0276472
0.0162686
0.0160153
0.0105989
0.0103796
0.00744047
0.00724994
0.00550746
0.00533999
0.00424055
0.00409161
0.00336594
0.00323206
0.00273708
0.00261562
0.00226988
0.00215881
0.00191335
0.00181106
0.00163508
0.00154033
0.00141374
0.00132549
0.00123477
0.00115221
0.001088
0.00101045
0.00096614
0.000893024
0.000863838
0.000794682
0.000777116
0.000711515
0.000702958
0.000640565
0.000639044
0.00057956
0.000583565
0.000526731
0.000535095
0.000480684
0.000492498
0.000440312
0.000454859
0.000404722
0.362357
0.160326
0.160688
0.0601962
0.05998
0.0295493
0.0292811
0.0172762
0.0170337
0.0112746
0.0110637
0.00792168
0.00773792
0.0058663
0.00570453
0.00451787
0.00437385
0.00358641
0.00345687
0.00291641
0.00279882
0.00241852
0.00231094
0.00203849
0.0019394
0.00174185
0.00165004
0.00150588
0.00142037
0.00131509
0.00123507
0.00115862
0.00108344
0.0010287
0.00095782
0.000919634
0.000852594
0.000827187
0.00076359
0.000748137
0.000687649
0.000680009
0.000622341
0.000620876
0.000565776
0.000569218
0.000516468
0.000523823
0.000473229
0.000483714
0.000435107
0.344358
0.16163
0.161966
0.0625572
0.0623598
0.0309964
0.0307425
0.0181886
0.0179564
0.0118903
0.0116873
0.00836162
0.00818426
0.00619503
0.00603862
0.00477226
0.00463287
0.00378884
0.00366336
0.00308116
0.00296721
0.00255513
0.00245084
0.00215354
0.00205745
0.00184005
0.00175099
0.00159065
0.00150768
0.00138898
0.00131134
0.00122359
0.00115064
0.00108626
0.00101748
0.000970986
0.000905922
0.000873272
0.000811547
0.00078972
0.000731011
0.000717716
0.000661742
0.000655222
0.00060174
0.00060063
0.000549427
0.000552658
0.000503549
0.000510276
0.000463096
0.32896
0.162343
0.162657
0.064623
0.0644433
0.0323094
0.0320689
0.0190271
0.0188046
0.0124595
0.012264
0.00876971
0.00859833
0.00650057
0.00634918
0.00500901
0.00487394
0.00397739
0.00385571
0.00323473
0.00312416
0.00268252
0.00258129
0.00226088
0.00216758
0.00193168
0.00184519
0.00166976
0.00158917
0.00145796
0.00138253
0.00128425
0.00121338
0.00114002
0.00107318
0.00101894
0.000955714
0.000916311
0.000856326
0.000828559
0.000771502
0.000752937
0.000698536
0.000687304
0.000635324
0.000629972
0.000580207
0.000579595
0.000531865
0.00053509
0.000489233
0.315569
0.162627
0.162924
0.0664507
0.0662874
0.0335134
0.0332855
0.0198058
0.0195923
0.0129913
0.0128026
0.00915214
0.00898635
0.00678747
0.00664076
0.0052316
0.00510055
0.00415483
0.00403668
0.00337932
0.00327191
0.00280254
0.00270415
0.00236204
0.00227133
0.00201806
0.00193396
0.00174436
0.00166598
0.00152301
0.00144964
0.00134147
0.00127252
0.00119073
0.0011257
0.00106418
0.00100266
0.00095692
0.000898551
0.000865207
0.000809684
0.000786173
0.000733233
0.00071758
0.000666994
0.000657664
0.000609233
0.000605019
0.000558566
0.00055851
0.000513882
0.303771
0.162592
0.162874
0.0680809
0.0679327
0.0346262
0.03441
0.0205344
0.0203294
0.0134917
0.0133096
0.00951323
0.00935268
0.00705889
0.00691655
0.00544246
0.00531516
0.00432306
0.0042082
0.00351651
0.00341203
0.00291646
0.00282072
0.00245809
0.00236979
0.00210011
0.00201822
0.00181523
0.0017389
0.00158482
0.00151337
0.00139585
0.00132869
0.00123892
0.00117558
0.00110719
0.00104725
0.000995526
0.000938658
0.00090005
0.000845953
0.000817774
0.000766191
0.000746369
0.000697079
0.000683998
0.000636806
0.000629196
0.000583931
0.000580784
0.000537296
0.293267
0.162317
0.162586
0.0695441
0.0694097
0.035661
0.0354557
0.0212203
0.0210232
0.0139655
0.0137895
0.00985618
0.00970051
0.00731717
0.00717891
0.00564335
0.00551957
0.00448348
0.00437171
0.00364741
0.00354568
0.00302521
0.00293194
0.00254981
0.00246377
0.00217848
0.00209867
0.00188294
0.00180853
0.0016439
0.00157423
0.00144782
0.00138233
0.001285
0.00122322
0.00114831
0.00108985
0.00103244
0.000976971
0.00093337
0.0008806
0.000847997
0.000797677
0.000773904
0.000725819
0.000709185
0.000663146
0.000652322
0.000608162
0.000602091
0.000559663
0.511065
0.136781
0.136585
0.0429128
0.0425751
0.0200588
0.0197862
0.0115096
0.0112912
0.007445
0.00726488
0.00520615
0.00505353
0.00384472
0.00371258
0.002956
0.00283961
0.0023441
0.00224017
0.00190494
0.00181109
0.0015791
0.00149356
0.00133068
0.00125212
0.00113694
0.0010643
0.000982909
0.000915366
0.000858423
0.000795308
0.000756366
0.000697135
0.000671647
0.000615849
0.000600542
0.000547798
0.000540275
0.000490268
0.000488745
0.000441202
0.000444337
0.000399024
0.000405791
0.000362508
0.000372117
0.000330687
0.000342524
0.000302793
0.000316376
0.000278208
0.482569
0.142655
0.142503
0.0459471
0.0456353
0.0216123
0.0213552
0.0124281
0.0122205
0.00804634
0.00787449
0.00562874
0.00548286
0.0041573
0.00403086
0.00319629
0.00308484
0.00253442
0.00243485
0.00205933
0.00196938
0.0017068
0.00162481
0.00143803
0.0013627
0.00122841
0.00115876
0.00106177
0.000997005
0.000927105
0.000866579
0.000816708
0.000759905
0.000725073
0.000671562
0.000648171
0.000597589
0.000582997
0.00053504
0.000527277
0.000481686
0.000479263
0.000435813
0.000437593
0.000396091
0.000401193
0.00036147
0.000369208
0.000331117
0.00034095
0.00030436
0.458204
0.147278
0.147162
0.0486332
0.0483449
0.023018
0.0227749
0.0132656
0.0130679
0.00859666
0.00843241
0.00601624
0.00587655
0.00444428
0.00432306
0.00341707
0.00331014
0.00270939
0.00261381
0.00220131
0.00211494
0.00182427
0.00174552
0.00153679
0.00146444
0.00131259
0.00124567
0.00113436
0.00107212
0.00099032
0.00093216
0.00087225
0.000817666
0.000774252
0.000722829
0.000692015
0.000643407
0.000622325
0.00057624
0.000562749
0.000518937
0.000511416
0.000469663
0.000466869
0.000426989
0.00042796
0.000389791
0.000393774
0.000357174
0.000363573
0.000328418
0.437075
0.150939
0.150853
0.0510378
0.0507708
0.024304
0.0240738
0.0140379
0.0138492
0.00910598
0.00894867
0.0063756
0.00624155
0.00471074
0.00459428
0.00362222
0.00351942
0.00287206
0.00278012
0.00233337
0.00225026
0.00193356
0.00185777
0.00162871
0.00155905
0.00139094
0.00132651
0.00120192
0.001142
0.00104917
0.000993168
0.000923963
0.000871399
0.000820044
0.000770523
0.000732842
0.000686031
0.000658948
0.000614566
0.000595783
0.000553589
0.00054136
0.00050115
0.000494135
0.000455729
0.00045289
0.000416132
0.000416653
0.000381408
0.000384643
0.00035079
0.418539
0.153846
0.153786
0.0532095
0.0529616
0.0254911
0.0252725
0.0147564
0.0145759
0.00958151
0.00943054
0.0067118
0.00658291
0.00496033
0.00484822
0.00381455
0.00371551
0.00302464
0.00293603
0.00245729
0.00237716
0.00203615
0.00196305
0.001715
0.00164781
0.00146451
0.00140236
0.00126538
0.00120756
0.00110445
0.00105041
0.000972542
0.000921818
0.000863065
0.000815275
0.000771201
0.000726025
0.00069336
0.000650528
0.000626823
0.000586103
0.000569498
0.000530692
0.000519757
0.000482693
0.000476317
0.000440844
0.000438154
0.000404141
0.000404445
0.000371776
0.402119
0.156152
0.156114
0.0551848
0.0549543
0.0265944
0.0263867
0.0154294
0.0152565
0.0100286
0.00988345
0.00702853
0.00690436
0.00519575
0.00508763
0.0039961
0.00390052
0.00316876
0.00308319
0.00257438
0.00249698
0.00213312
0.00206249
0.00179659
0.00173165
0.00153409
0.00147401
0.00132539
0.0012695
0.00115674
0.0011045
0.0010185
0.000969457
0.000903768
0.000857559
0.000807496
0.000763813
0.000725923
0.000684505
0.000656197
0.000616821
0.000596128
0.000558602
0.000544008
0.000508165
0.000498491
0.000464188
0.000458506
0.000425615
0.000423189
0.000391598
0.38745
0.157975
0.157953
0.0569921
0.0567773
0.0276261
0.0274281
0.0160635
0.0158975
0.0104514
0.0103116
0.00732866
0.00720882
0.00541911
0.00531464
0.0041685
0.00407607
0.00330569
0.00322291
0.00268568
0.00261077
0.00222532
0.00215694
0.00187418
0.0018113
0.00160026
0.00154208
0.00138249
0.00132836
0.00120649
0.00115589
0.00106223
0.00101473
0.000942502
0.00089774
0.000842039
0.000799723
0.000756916
0.000716792
0.000684158
0.000646011
0.000621477
0.000585122
0.000567093
0.000532369
0.000519601
0.000486368
0.000477882
0.000446017
0.000441035
0.00041043
0.374249
0.159402
0.159395
0.0586536
0.0584532
0.0285952
0.0284064
0.0166638
0.0165043
0.0108531
0.0107182
0.00761439
0.00749855
0.00563203
0.00553092
0.00433296
0.00424344
0.00343639
0.00335617
0.00279196
0.00271934
0.00231338
0.00224708
0.00194831
0.00188733
0.00166351
0.00160707
0.00143706
0.00138455
0.00125405
0.00120496
0.00110404
0.00105795
0.000979539
0.000936106
0.000875071
0.000834009
0.000786556
0.00074762
0.000710899
0.000673881
0.000645722
0.000610443
0.000589174
0.000555477
0.000539794
0.000507543
0.000496417
0.000465494
0.000458107
0.000428406
0.362294
0.160504
0.160509
0.0601875
0.0600003
0.0295094
0.029329
0.0172345
0.0170809
0.0112364
0.0111061
0.00788754
0.00777539
0.00583581
0.0057378
0.00449049
0.00440366
0.00356165
0.0034838
0.00289386
0.00282336
0.00239785
0.00233346
0.00201943
0.0019602
0.00172419
0.00166937
0.00148944
0.00143842
0.0012997
0.001252
0.00114418
0.00109939
0.0010151
0.000972887
0.000906786
0.00086688
0.000815015
0.000777174
0.000736577
0.000700599
0.000669006
0.000634716
0.000610381
0.000577629
0.000559188
0.000527841
0.00051422
0.000484163
0.000474505
0.000445637
0.351403
0.161336
0.161352
0.0616087
0.0614335
0.0303748
0.0302021
0.0177788
0.0176307
0.0116033
0.0114771
0.00814952
0.00804079
0.00603149
0.00593637
0.00464189
0.00455754
0.00368211
0.00360645
0.00299189
0.00292335
0.00247913
0.00241651
0.00208788
0.00203027
0.00178261
0.00172928
0.00153986
0.00149023
0.00134367
0.00129725
0.00118283
0.00113925
0.00104934
0.00100827
0.000937337
0.0008985
0.000842433
0.000805604
0.000761317
0.0007263
0.00069144
0.000658066
0.000630815
0.000598937
0.000577877
0.000547366
0.000531376
0.000502121
0.000490309
0.00046221
0.332262
0.162362
0.162395
0.0641595
0.0640056
0.0319783
0.0318196
0.0187988
0.0186606
0.0122945
0.0121759
0.00864455
0.00854197
0.00640192
0.00631197
0.00492883
0.00484894
0.00391058
0.00383885
0.00317794
0.00311292
0.00263347
0.00257403
0.00221792
0.00216321
0.00189362
0.00184296
0.00163571
0.00158854
0.00142723
0.00138312
0.00125632
0.0012149
0.00111447
0.00107542
0.000995439
0.000958515
0.000894582
0.000859565
0.000808378
0.000775082
0.000734119
0.000702382
0.000669693
0.000639377
0.000613436
0.00058442
0.000564022
0.000536199
0.000520383
0.000493659
0.31594
0.162747
0.16279
0.0663835
0.0662478
0.0334374
0.0332909
0.0197411
0.0196115
0.0129375
0.0128256
0.00910687
0.00900967
0.00674871
0.00666327
0.00519787
0.00512189
0.00412505
0.00405675
0.00335273
0.00329077
0.00277855
0.00272188
0.00234021
0.00228803
0.00199806
0.00194972
0.00172591
0.0016809
0.0015059
0.00146379
0.00132552
0.00128597
0.0011758
0.00113852
0.00105017
0.00101491
0.000943711
0.00091027
0.00085272
0.00082092
0.000774336
0.000744024
0.000706333
0.000677376
0.000646952
0.000619236
0.000594795
0.000568218
0.000548735
0.000523207
0.301818
0.162671
0.162721
0.0683372
0.0682172
0.0347751
0.0346394
0.0206179
0.020496
0.0135401
0.0134341
0.00954182
0.00944937
0.00707573
0.00699429
0.00545198
0.00537944
0.00432784
0.00426256
0.00351813
0.00345887
0.00291592
0.00286169
0.00245605
0.0024061
0.00209703
0.00205074
0.00181141
0.0017683
0.00158049
0.00154015
0.00139115
0.00135326
0.00123399
0.00119825
0.00110209
0.0010683
0.000990329
0.000958275
0.000894802
0.000864317
0.000812509
0.000783449
0.000741113
0.000713352
0.000678771
0.000652197
0.000624013
0.00059853
0.000575656
0.000551178
0.289453
0.162256
0.162314
0.070064
0.0699576
0.0360091
0.0358829
0.0214388
0.0213237
0.0141081
0.0140074
0.00995341
0.0098652
0.00738592
0.00730804
0.00569338
0.0056239
0.00452069
0.00445811
0.00367555
0.00361869
0.00304674
0.00299469
0.00256643
0.00251845
0.00219136
0.00214689
0.00189294
0.0018515
0.00165163
0.00161286
0.00145376
0.00141733
0.00128949
0.00125514
0.00115164
0.00111914
0.00103482
0.00100399
0.000934967
0.00090565
0.000848947
0.000820999
0.000774317
0.000747616
0.00070915
0.00068359
0.000651911
0.0006274
0.000601363
0.000577818
0.278509
0.161601
0.16166
0.0715967
0.0715022
0.0371526
0.037035
0.0222107
0.0221018
0.014646
0.01455
0.0103446
0.0102602
0.00768144
0.00760676
0.00592372
0.005857
0.0047049
0.00464474
0.00382603
0.00377133
0.00317188
0.00312177
0.00267205
0.00262585
0.00228167
0.00223883
0.001971
0.00193108
0.00171977
0.0016824
0.00151373
0.00147861
0.00134268
0.00130956
0.00119912
0.00116779
0.00107746
0.00104774
0.000973469
0.000945198
0.00088388
0.000856927
0.000806153
0.000780401
0.00073828
0.000713628
0.000678665
0.000655022
0.000626018
0.000603307
0.268741
0.160762
0.160826
0.0729626
0.0728787
0.0382168
0.0381069
0.0229396
0.0228363
0.0151574
0.0150657
0.010718
0.0106371
0.00796414
0.00789234
0.0061444
0.00608016
0.00488157
0.00482359
0.00397047
0.00391771
0.00329205
0.00324369
0.00277353
0.00272893
0.00236846
0.00232709
0.00204605
0.00200749
0.00178529
0.00174919
0.00157142
0.00153749
0.00139385
0.00136184
0.0012448
0.00121452
0.0011185
0.00108977
0.00101052
0.000983195
0.000917504
0.000891447
0.000836798
0.000811901
0.000766324
0.000742489
0.000704422
0.000681563
0.000649757
0.000627797
0.259953
0.159792
0.159857
0.0741838
0.074109
0.0392105
0.0391076
0.0236301
0.0235319
0.0156452
0.0155574
0.0110755
0.0109977
0.00823541
0.00816625
0.00635648
0.00629451
0.00505154
0.00499555
0.00410953
0.00405854
0.00340781
0.00336106
0.00287134
0.00282819
0.00245214
0.00241211
0.00211843
0.00208111
0.00184849
0.00181354
0.00162707
0.00159422
0.00144322
0.00141223
0.0012889
0.00125957
0.0011581
0.00113027
0.00104629
0.00101982
0.000949967
0.000924723
0.000866388
0.000842266
0.000793404
0.00077031
0.000729297
0.000707148
0.000672683
0.000651405
0.251993
0.158726
0.158793
0.0752776
0.075211
0.0401409
0.0400444
0.0242861
0.0241925
0.0161117
0.0160274
0.0114186
0.0113437
0.00849639
0.00842965
0.00656082
0.00650093
0.00521548
0.0051613
0.00424376
0.00419439
0.00351962
0.00347432
0.00296584
0.00292402
0.00253302
0.00249421
0.00218841
0.00215221
0.00190962
0.00187571
0.00168091
0.00164903
0.00149098
0.00146091
0.00133156
0.0013031
0.00119643
0.00116943
0.00108091
0.00105522
0.000981387
0.000956885
0.00089503
0.000871617
0.000819619
0.000797202
0.000753379
0.000731878
0.000694881
0.000674224
0.244739
0.157594
0.15766
0.0762585
0.0761995
0.041014
0.0409233
0.0249105
0.0248213
0.0165588
0.0164779
0.0117487
0.0116765
0.00874804
0.00868352
0.00675815
0.00670016
0.00537395
0.00532144
0.00437361
0.00432573
0.00362784
0.00358389
0.00305735
0.00301676
0.00261137
0.00257368
0.00225622
0.00222106
0.00196885
0.00193592
0.00173309
0.00170212
0.0015373
0.00150807
0.00137292
0.00134526
0.0012336
0.00120735
0.00111449
0.00108951
0.00101186
0.000988044
0.000922816
0.000900051
0.000845052
0.000823255
0.000776745
0.000755837
0.00071642
0.000696333
0.238096
0.15641
0.156479
0.0771405
0.077088
0.0418355
0.0417502
0.0255066
0.0254213
0.0169884
0.0169105
0.012067
0.0119973
0.00899126
0.0089288
0.00694915
0.00689293
0.0055275
0.00547654
0.00449952
0.00445301
0.00373284
0.00369012
0.00314617
0.0031067
0.00268744
0.00265078
0.00232207
0.00228787
0.0020264
0.00199435
0.0017838
0.00175365
0.0015823
0.00155385
0.00141313
0.0013862
0.00126973
0.00124418
0.00114713
0.00112281
0.0010415
0.0010183
0.000949833
0.000927666
0.000869783
0.000848558
0.000799467
0.000779106
0.000737367
0.000717804
0.231979
0.155201
0.155268
0.077933
0.0778861
0.0426092
0.0425288
0.026076
0.0259944
0.0174016
0.0173265
0.0123743
0.0123068
0.00922659
0.00916604
0.00713423
0.00707964
0.00567643
0.00562691
0.00462174
0.0045765
0.00383481
0.00379324
0.00323247
0.00319405
0.00276138
0.00272568
0.0023861
0.00235278
0.00208236
0.00205114
0.00183311
0.00180374
0.00162608
0.00159836
0.00145225
0.001426
0.00130489
0.00127998
0.0011789
0.00115519
0.00107033
0.00104772
0.000976128
0.000954515
0.000893856
0.00087316
0.000821586
0.000801732
0.000757759
0.000738682
0.226326
0.153975
0.154029
0.0786459
0.078605
0.0433397
0.0432639
0.0266213
0.0265432
0.0177999
0.0177275
0.0126716
0.0126063
0.00945478
0.00939601
0.00731396
0.0072609
0.00582122
0.00577302
0.00474063
0.00469659
0.00393407
0.00389357
0.00331651
0.00327906
0.00283341
0.0027986
0.00244849
0.00241599
0.0021369
0.00210644
0.00188119
0.00185253
0.00166876
0.00164171
0.00149039
0.00146478
0.00133918
0.00131486
0.00120988
0.00118674
0.00109846
0.00107639
0.00100178
0.000980679
0.00091734
0.000897135
0.000843165
0.000823781
0.000777655
0.000759029
0.22108
0.152727
0.152796
0.0792874
0.0792511
0.0440299
0.0439584
0.0271441
0.0270691
0.0181843
0.0181143
0.0129596
0.0128963
0.00967628
0.00961917
0.00748866
0.00743703
0.00596209
0.00591515
0.00485641
0.00481347
0.00403078
0.00399127
0.00339843
0.00336188
0.00290363
0.00286966
0.00250933
0.0024776
0.00219011
0.00216036
0.00192809
0.0019001
0.00171041
0.00168398
0.00152762
0.00150259
0.00137264
0.00134888
0.00124012
0.00121751
0.00112592
0.00110435
0.00102682
0.0010062
0.00094027
0.000920522
0.000864236
0.00084529
0.000797083
0.000778878
0.216194
0.151488
0.151552
0.0798632
0.0798317
0.0446831
0.0446154
0.0276458
0.0275739
0.0185556
0.018488
0.0132388
0.0131774
0.00989154
0.009836
0.0076587
0.0076084
0.00609935
0.00605357
0.00496929
0.00492739
0.00412512
0.00408654
0.00347837
0.00344267
0.00297219
0.002939
0.00256874
0.00253774
0.00224207
0.002213
0.00197391
0.00194654
0.00175111
0.00172526
0.00156399
0.00153952
0.00140534
0.00138211
0.00126968
0.00124756
0.00115277
0.00113166
0.0010513
0.00103113
0.000962687
0.000943367
0.000884837
0.000866301
0.000816079
0.000798267
0.211636
0.150244
0.1503
0.080384
0.0803554
0.0453031
0.0452391
0.0281288
0.0280596
0.0189154
0.01885
0.0135103
0.0134506
0.0101013
0.0100472
0.0078246
0.00777556
0.00623339
0.00618871
0.00507961
0.00503868
0.00421736
0.00417967
0.00355657
0.00352167
0.00303928
0.00300681
0.0026269
0.00259657
0.00229295
0.0022645
0.00201878
0.001992
0.00179096
0.00176567
0.00159962
0.00157566
0.00143738
0.00141463
0.00129864
0.00127698
0.00117906
0.0011584
0.00107529
0.00105554
0.000984653
0.000965733
0.000905026
0.000886873
0.000834696
0.000817252
0.393483
0.157256
0.157216
0.0561936
0.0560698
0.0271493
0.02704
0.0157593
0.0156689
0.0102415
0.0101658
0.00717478
0.00711006
0.005301
0.00524469
0.00407458
0.00402483
0.00322892
0.0031844
0.00262153
0.00258126
0.00217072
0.00213398
0.00182702
0.00179325
0.00155901
0.00152777
0.001346
0.00131695
0.00117393
0.00114677
0.00103293
0.00100744
0.000915948
0.000891936
0.000817825
0.000795129
0.000734713
0.000713196
0.000663697
0.000643244
0.000602539
0.000583049
0.000549493
0.000530881
0.000503184
0.000485374
0.000462518
0.000445444
0.000426613
0.000410216
0.379762
0.158837
0.158807
0.0579086
0.0577936
0.0281406
0.0280368
0.0163715
0.0162849
0.0106507
0.0105779
0.00746562
0.00740335
0.00551768
0.00546343
0.00424195
0.00419398
0.00336195
0.003319
0.00272971
0.00269086
0.00226039
0.00222493
0.00190251
0.00186991
0.00162343
0.00159327
0.00140161
0.00137355
0.0012224
0.00119617
0.00107555
0.00105093
0.000953717
0.000930523
0.00085152
0.000829596
0.000764956
0.00074417
0.000690991
0.000671232
0.000627292
0.000608464
0.000572044
0.000554062
0.000523813
0.000506605
0.000481458
0.000464962
0.000444063
0.000428221
0.367354
0.160067
0.160046
0.0594912
0.0593841
0.0290752
0.0289764
0.0169531
0.01687
0.0110408
0.0109707
0.00774348
0.00768343
0.00572493
0.00567256
0.00440216
0.00435582
0.00348935
0.00344784
0.00283337
0.0027958
0.00234633
0.00231203
0.00197489
0.00194335
0.0016852
0.00165602
0.00145494
0.00142778
0.0012689
0.00124351
0.00111644
0.00109261
0.000989952
0.000967501
0.000883849
0.000862626
0.000793976
0.000773854
0.000717182
0.000698053
0.000651048
0.000632819
0.000593686
0.000576277
0.000543611
0.000526951
0.000499638
0.000483665
0.000460813
0.000445474
0.356061
0.161013
0.160999
0.060956
0.0608559
0.0299589
0.0298647
0.0175072
0.0174274
0.0114138
0.0113463
0.0080097
0.00795169
0.00592374
0.00587309
0.00455598
0.00451112
0.00361174
0.00357153
0.00293299
0.00289659
0.00242894
0.00239571
0.00204448
0.00201391
0.00174461
0.00171632
0.00150623
0.0014799
0.00131362
0.00128901
0.00115578
0.00113267
0.00102482
0.00100304
0.000914958
0.000894375
0.000821902
0.000802386
0.000742388
0.000723835
0.000673911
0.00065623
0.000614517
0.000597631
0.000562668
0.000546508
0.000517137
0.000501644
0.000476937
0.000462058
0.34574
0.161713
0.161705
0.0623173
0.0622237
0.0307978
0.0307078
0.0180372
0.0179605
0.0117718
0.0117066
0.00826575
0.00820961
0.00611518
0.00606611
0.00470421
0.00466071
0.00372975
0.00369074
0.00302908
0.00299376
0.00250866
0.00247639
0.00211165
0.00208197
0.00180196
0.00177448
0.00155575
0.00153019
0.00135681
0.00133291
0.00119377
0.00117133
0.00105849
0.00103734
0.000945005
0.00092501
0.000848877
0.000829918
0.000766738
0.000748713
0.000695998
0.000678821
0.000634642
0.000618236
0.00058108
0.000565379
0.000534045
0.000518992
0.000492517
0.00047806
0.336262
0.162205
0.162209
0.0635853
0.0634979
0.0315962
0.0315101
0.0185454
0.0184714
0.0121163
0.0120533
0.00851258
0.00845818
0.00629995
0.00625234
0.00484738
0.00480515
0.00384379
0.0038059
0.00312198
0.00308765
0.00258575
0.00255439
0.00217662
0.00214776
0.00185744
0.00183072
0.00160367
0.00157881
0.00139861
0.00137535
0.00123054
0.00120871
0.00109108
0.00107051
0.000974093
0.000954639
0.000874993
0.000856546
0.000790313
0.000772775
0.000717385
0.00070067
0.00065413
0.000638166
0.00059891
0.000583632
0.000550419
0.00053577
0.000507606
0.000493537
0.327511
0.162536
0.162545
0.0647677
0.0646859
0.0323567
0.0322743
0.0190332
0.0189618
0.0124482
0.0123871
0.00875084
0.00869805
0.00647852
0.00643226
0.00498586
0.0049448
0.00395416
0.0039173
0.00321192
0.00317851
0.0026604
0.00262987
0.00223956
0.00221146
0.00191119
0.00188518
0.00165011
0.00162589
0.00143911
0.00141646
0.00126618
0.00124491
0.00112267
0.00110263
0.00100229
0.000983337
0.00090031
0.000882338
0.000813168
0.000796081
0.000738119
0.000721834
0.000673025
0.000657469
0.000616198
0.000601311
0.000566296
0.000552022
0.000522237
0.000508529
0.319414
0.162722
0.162724
0.0658749
0.0657979
0.033084
0.0330049
0.0195031
0.0194341
0.012769
0.0127098
0.00898159
0.0089303
0.00665167
0.00660667
0.00512024
0.00508026
0.00406131
0.00402541
0.00329928
0.00326673
0.00273294
0.00270318
0.00230071
0.00227332
0.00196344
0.00193807
0.00169524
0.00167163
0.00147849
0.0014564
0.00130083
0.00128008
0.00115339
0.00113384
0.00102971
0.00101122
0.000924933
0.000907401
0.000835398
0.000818729
0.000758288
0.0007424
0.000691404
0.000676229
0.000633016
0.000618492
0.000581742
0.000567816
0.000536472
0.000523097
0.311889
0.162778
0.16279
0.066912
0.0668397
0.03378
0.033704
0.0199562
0.0198895
0.0130795
0.013022
0.00920529
0.0091554
0.00681972
0.0067759
0.00525076
0.0052118
0.00416545
0.00413044
0.00338421
0.00335245
0.00280347
0.00277444
0.0023602
0.00233347
0.00201427
0.00198951
0.00173916
0.00171611
0.00151681
0.00149525
0.00133455
0.0013143
0.0011833
0.00116421
0.0010564
0.00103835
0.000948902
0.000931781
0.00085704
0.000840761
0.000777924
0.000762407
0.0007093
0.000694478
0.000649391
0.000635205
0.000596782
0.00058318
0.000550333
0.000537269
0.304868
0.162737
0.162755
0.0678843
0.0678162
0.0344468
0.0343737
0.0203935
0.0203288
0.0133801
0.0133242
0.00942236
0.00937378
0.00698298
0.00694026
0.00537766
0.00533965
0.00426675
0.00423257
0.00346686
0.00343585
0.00287214
0.00284378
0.00241813
0.00239201
0.00206377
0.00203958
0.00178194
0.00175941
0.00155414
0.00153306
0.0013674
0.00134761
0.00121243
0.00119377
0.00108241
0.00106476
0.000972259
0.000955522
0.00087813
0.000862215
0.00079706
0.00078189
0.00072674
0.000712249
0.000665351
0.000651481
0.000611441
0.000598142
0.000563844
0.00055107
0.298307
0.162611
0.162619
0.0687987
0.0687346
0.0350871
0.0350169
0.0208166
0.0207539
0.013672
0.0136176
0.00963353
0.00958617
0.00714199
0.0071003
0.00550135
0.00546423
0.00436553
0.00433215
0.00354749
0.00351718
0.00293915
0.00291142
0.00247466
0.00244913
0.0021121
0.00208843
0.00182371
0.00180167
0.00159059
0.00156997
0.00139949
0.00138012
0.00124088
0.00122263
0.00110781
0.00109054
0.000995075
0.000978697
0.000898732
0.000883158
0.000815755
0.000800909
0.000743779
0.000729597
0.000680944
0.00066737
0.000625764
0.000612748
0.000577045
0.000564543
0.292155
0.162396
0.162419
0.0696591
0.069599
0.0357028
0.0356351
0.0212263
0.0211655
0.0139556
0.0139027
0.00983912
0.00979292
0.00729698
0.00725626
0.005622
0.00558572
0.00446195
0.0044293
0.00362621
0.00359656
0.00300459
0.00297745
0.00252989
0.0025049
0.00215931
0.00213615
0.00186452
0.00184295
0.00162622
0.00160603
0.00143085
0.00141188
0.0012687
0.00125082
0.00113264
0.00111573
0.00101738
0.00100134
0.000918874
0.000903619
0.000834032
0.000819491
0.000760439
0.000746548
0.00069619
0.000682894
0.000639769
0.000627019
0.000589954
0.000577707
0.286376
0.162123
0.162136
0.0704708
0.0704139
0.0362958
0.0362306
0.0216238
0.0215648
0.0142318
0.0141802
0.0100396
0.00999452
0.0074483
0.0074085
0.00573989
0.0057044
0.00455621
0.00452425
0.0037032
0.00367417
0.00306861
0.00304203
0.00258393
0.00255945
0.00220552
0.00218282
0.00190447
0.00188333
0.00166109
0.00164131
0.00146155
0.00144296
0.00129593
0.0012784
0.00115696
0.00114038
0.00103922
0.0010235
0.000938598
0.000923645
0.000851932
0.000837678
0.000776755
0.000763138
0.000711123
0.000698089
0.000653487
0.000640987
0.000602598
0.000590592
0.28092
0.1618
0.16182
0.0712336
0.0711794
0.0368656
0.0368025
0.0220087
0.0219513
0.0145001
0.0144498
0.0102348
0.0101908
0.00759581
0.00755687
0.00585489
0.00582015
0.0046482
0.00461691
0.00377837
0.00374993
0.00313113
0.00310509
0.00263672
0.00261272
0.00225066
0.00222841
0.00194351
0.00192278
0.00169517
0.00167577
0.00149156
0.00147333
0.00132255
0.00130536
0.00118073
0.00116447
0.00106057
0.00104515
0.000957883
0.000943215
0.000869433
0.00085545
0.000792709
0.00077935
0.000725725
0.000712938
0.0006669
0.000654638
0.000614962
0.000603183
0.27579
0.161406
0.161428
0.071957
0.0719071
0.0374179
0.0373571
0.0223843
0.0223285
0.0147627
0.0147136
0.0104263
0.0103832
0.00774062
0.00770251
0.00596788
0.00593384
0.00473863
0.00470795
0.00385229
0.0038244
0.00319263
0.00316709
0.00268866
0.00266511
0.00229508
0.00227325
0.00198193
0.00196158
0.00172872
0.00170968
0.00152109
0.0015032
0.00134875
0.00133188
0.00120413
0.00118817
0.00108159
0.00106645
0.000976868
0.000962469
0.000886664
0.000872937
0.000808417
0.000795302
0.000740102
0.000727548
0.000680109
0.000668069
0.000627138
0.000615573
0.27092
0.160996
0.161008
0.0726389
0.0725907
0.0379487
0.0378902
0.0227481
0.0226938
0.0150181
0.0149701
0.0106128
0.0105706
0.00788186
0.00784453
0.00607816
0.0060448
0.00482694
0.00479686
0.00392451
0.00389715
0.00325273
0.00322767
0.00273943
0.00271631
0.00233851
0.00231708
0.00201949
0.00199952
0.00176152
0.00174282
0.00154998
0.00153241
0.00137438
0.00135781
0.00122702
0.00121134
0.00110216
0.00108729
0.000995442
0.000981298
0.000903523
0.000890038
0.000823785
0.000810902
0.000754169
0.000741836
0.000693032
0.000681205
0.000639051
0.00062769
0.266302
0.160549
0.160562
0.0732807
0.0732357
0.0384613
0.0384047
0.023102
0.0230491
0.0152673
0.0152204
0.0107951
0.0107538
0.0080201
0.00798352
0.00618619
0.00615347
0.0049135
0.00488397
0.00399531
0.00396845
0.00331167
0.00328706
0.00278922
0.00276652
0.00238112
0.00236007
0.00205635
0.00203673
0.00179371
0.00177534
0.00157833
0.00156106
0.00139953
0.00138325
0.00124948
0.00123408
0.00112234
0.00110773
0.00101368
0.000999774
0.000920073
0.000906819
0.000838874
0.00082621
0.000767981
0.000755858
0.000705721
0.000694095
0.000650749
0.000639581
0.26193
0.160058
0.160061
0.0738937
0.0738494
0.0389589
0.0389043
0.0234478
0.0233962
0.0155116
0.0154658
0.0109741
0.0109337
0.008156
0.00812012
0.00629246
0.00626034
0.00499868
0.00496969
0.00406502
0.00403864
0.00336972
0.00334554
0.00283828
0.00281597
0.0024231
0.00240241
0.00209267
0.00207338
0.00182543
0.00180737
0.00160627
0.00158929
0.00142432
0.00140831
0.00127163
0.00125648
0.00114224
0.00112787
0.00103165
0.00101798
0.000936388
0.000923353
0.000853749
0.000841294
0.000781597
0.000769673
0.000718232
0.000706796
0.000662282
0.000651297
0.257763
0.159527
0.159573
0.0744688
0.0744287
0.0394392
0.0393862
0.023784
0.0237338
0.0157499
0.0157051
0.0111492
0.0111096
0.00828903
0.00825383
0.00639656
0.00636503
0.00508218
0.00505369
0.00413338
0.00410745
0.00342665
0.00340288
0.0028864
0.00286446
0.00246429
0.00244394
0.00212831
0.00210933
0.00185656
0.0018388
0.00163369
0.00161699
0.00144866
0.00143291
0.00129337
0.00127846
0.00116177
0.00114763
0.0010493
0.00103584
0.000952407
0.00093958
0.000868354
0.000856098
0.000794967
0.000783234
0.000730516
0.000719263
0.000673607
0.000662797
0.253789
0.159032
0.159017
0.0750145
0.0749754
0.0399028
0.0398519
0.0241113
0.0240623
0.0159828
0.0159389
0.0113205
0.0112817
0.00841937
0.00838482
0.00649864
0.00646766
0.00516409
0.00513609
0.00420046
0.00417496
0.00348254
0.00345916
0.00293365
0.00291207
0.00250474
0.00248472
0.00216331
0.00214464
0.00188714
0.00186966
0.00166063
0.0016442
0.00147257
0.00145706
0.00131473
0.00130005
0.00118097
0.00116705
0.00106664
0.00105339
0.000968149
0.000955521
0.000882708
0.000870641
0.000808107
0.000796555
0.00074259
0.00073151
0.000684739
0.000674095
0.249987
0.158472
0.158518
0.0755273
0.0754892
0.0403508
0.0403013
0.0244297
0.0243818
0.0162101
0.0161672
0.0114881
0.01145
0.00854702
0.00851308
0.00659868
0.00656824
0.00524441
0.00521688
0.00426627
0.00424119
0.00353739
0.00351438
0.00298002
0.00295879
0.00254445
0.00252474
0.00219768
0.0021793
0.00191717
0.00189996
0.00168709
0.00167091
0.00149605
0.00148078
0.0013357
0.00132126
0.00119982
0.00118611
0.00108367
0.00107063
0.000983612
0.000971175
0.000896807
0.000884923
0.000821015
0.000809637
0.000754451
0.000743537
0.000695674
0.00068519
0.246395
0.157882
0.157908
0.0760229
0.0759902
0.0407909
0.040743
0.0247443
0.0246977
0.0164353
0.0163933
0.0116544
0.0116169
0.00867377
0.00864041
0.00669808
0.00666814
0.00532425
0.00529716
0.0043317
0.00430701
0.00359193
0.00356927
0.00302615
0.00300524
0.00258395
0.00256453
0.00223187
0.00221377
0.00194705
0.00193009
0.00171342
0.00169747
0.00151942
0.00150437
0.00135658
0.00134234
0.00121858
0.00120507
0.00110062
0.00108777
0.000999003
0.000986746
0.000910842
0.000899129
0.000833864
0.00082265
0.000766257
0.000755502
0.00070656
0.000696227
0.242943
0.15729
0.157316
0.0764895
0.0764586
0.0412162
0.0411692
0.0250502
0.0250046
0.016655
0.0166138
0.0118169
0.0117802
0.00879783
0.00876505
0.00679545
0.006766
0.0054025
0.00537584
0.00439585
0.00437155
0.00364542
0.00362311
0.0030714
0.0030508
0.00262271
0.00260358
0.00226543
0.00224759
0.00197638
0.00195966
0.00173926
0.00172354
0.00154235
0.00152753
0.00137708
0.00136304
0.00123701
0.00122369
0.00111727
0.0011046
0.00101412
0.00100203
0.000924622
0.000913075
0.000846481
0.000835425
0.000777851
0.000767247
0.00071725
0.000707062
0.239622
0.156697
0.156742
0.0769316
0.0768991
0.0416256
0.0415803
0.0253476
0.025303
0.0168694
0.016829
0.0119758
0.0119397
0.00891927
0.00888704
0.00689084
0.00686186
0.0054792
0.00545295
0.00445876
0.00443482
0.00369789
0.00367591
0.0031158
0.0030955
0.00266074
0.00264189
0.00229836
0.00228077
0.00200516
0.00198868
0.00176462
0.00174913
0.00156487
0.00155025
0.0013972
0.00138336
0.00125509
0.00124196
0.00113361
0.00112112
0.00102895
0.00101704
0.000938154
0.000926766
0.000858871
0.000847967
0.000789237
0.000778778
0.000727748
0.0007177
0.236422
0.156121
0.156185
0.0773413
0.0773094
0.0420205
0.0419766
0.0256364
0.0255929
0.0170785
0.0170389
0.0121311
0.0120957
0.00903813
0.00900642
0.00698428
0.00695575
0.00555438
0.00552852
0.00452044
0.00449685
0.00374935
0.00372769
0.00315935
0.00313934
0.00269805
0.00267947
0.00233067
0.00231333
0.00203341
0.00201716
0.00178952
0.00177424
0.00158698
0.00157256
0.00141695
0.0014033
0.00127285
0.00125989
0.00114966
0.00113733
0.00104352
0.00103177
0.00095144
0.000940206
0.000871036
0.000860279
0.000800416
0.000790098
0.000738056
0.000728143
0.233422
0.155442
0.155505
0.0777502
0.0777244
0.0424162
0.0423736
0.0259269
0.0258844
0.017289
0.0172502
0.0122876
0.0122527
0.00915791
0.00912669
0.00707847
0.00705036
0.00563018
0.0056047
0.00458265
0.00455939
0.00380126
0.0037799
0.00320329
0.00318355
0.0027357
0.00271736
0.00236328
0.00234617
0.00206191
0.00204587
0.00181464
0.00179956
0.00160928
0.00159505
0.00143688
0.00142341
0.00129076
0.00127798
0.00116585
0.00115368
0.00105823
0.00104662
0.000964849
0.000953759
0.000883314
0.000872695
0.000811699
0.000801513
0.000748461
0.000738674
0.230446
0.154875
0.154973
0.0781141
0.0780876
0.0427846
0.0427432
0.0262008
0.0261592
0.0174888
0.0174506
0.0124365
0.0124023
0.00927216
0.00924144
0.00716843
0.00714075
0.00570264
0.00567753
0.00464215
0.00461922
0.00385093
0.00382987
0.00324535
0.00322587
0.00277175
0.00275366
0.0023945
0.00237762
0.00208921
0.00207339
0.00183871
0.00182383
0.00163065
0.00161661
0.00145598
0.00144269
0.00130794
0.00129532
0.00118137
0.00116936
0.00107232
0.00106086
0.000977702
0.000966755
0.000895083
0.0008846
0.000822516
0.00081246
0.000758435
0.000748774
0.227632
0.154265
0.154327
0.0784731
0.0784502
0.0431509
0.0431113
0.0264744
0.0264336
0.0176885
0.0176511
0.0125857
0.012552
0.00938663
0.00935638
0.0072586
0.00723132
0.00577528
0.00575052
0.00470181
0.0046792
0.00390075
0.00387996
0.00328753
0.00326832
0.00280791
0.00279006
0.00242583
0.00240917
0.0021166
0.00210098
0.00186286
0.00184816
0.0016521
0.00163823
0.00147515
0.00146202
0.00132517
0.00131271
0.00119694
0.00118508
0.00108646
0.00107515
0.000990601
0.00097979
0.000906895
0.000896542
0.000833372
0.00082344
0.000768446
0.000758903
0.224906
0.153709
0.153669
0.0788127
0.0787868
0.0435043
0.0434653
0.0267403
0.0267005
0.0178836
0.0178467
0.0127315
0.0126984
0.00949874
0.00946894
0.00734698
0.00732009
0.00584653
0.00582211
0.00476036
0.00473804
0.00394965
0.00392913
0.00332895
0.00330998
0.00284342
0.00282579
0.0024566
0.00244014
0.00214351
0.00212808
0.00188658
0.00187207
0.00167316
0.00165947
0.00149398
0.00148102
0.0013421
0.00132979
0.00121224
0.00120053
0.00110036
0.00108918
0.00100328
0.000992596
0.000918502
0.000908274
0.000844039
0.000834228
0.000778283
0.000768856
0.22229
0.153056
0.153084
0.0791298
0.0791052
0.0438502
0.043812
0.027002
0.0269629
0.018076
0.0180398
0.0128757
0.0128431
0.00960965
0.00958029
0.00743448
0.00740796
0.0059171
0.00589301
0.00481836
0.00479634
0.00399811
0.00397786
0.00337
0.00335127
0.00287862
0.00286121
0.0024871
0.00247085
0.00217019
0.00215495
0.0019101
0.00189577
0.00169405
0.00168052
0.00151266
0.00149985
0.00135889
0.00134673
0.00122742
0.00121584
0.00111414
0.0011031
0.00101585
0.0010053
0.000930016
0.000919909
0.000854622
0.000844926
0.000788043
0.000778726
0.219777
0.152412
0.152439
0.0794412
0.0794156
0.0441885
0.044152
0.0272599
0.0272217
0.0182661
0.0182306
0.0130184
0.0129863
0.00971951
0.00969057
0.0075212
0.00749504
0.00598707
0.00596329
0.00487589
0.00485415
0.00404618
0.00402618
0.00341074
0.00339224
0.00291355
0.00289636
0.00251738
0.00250132
0.00219667
0.00218161
0.00193345
0.00191929
0.0017148
0.00170142
0.0015312
0.00151854
0.00137556
0.00136354
0.00124249
0.00123105
0.00112783
0.00111691
0.00102833
0.0010179
0.000941449
0.000931458
0.000865131
0.000855546
0.000797734
0.000788524
0.217361
0.151775
0.151771
0.0797294
0.0797137
0.044519
0.0444842
0.0275138
0.0274759
0.0184538
0.0184189
0.0131595
0.0131278
0.00982827
0.00979974
0.00760711
0.0075813
0.00605641
0.00603295
0.00493293
0.00491146
0.00409385
0.0040741
0.00345114
0.00343286
0.00294821
0.00293121
0.00254741
0.00253154
0.00222294
0.00220806
0.00195662
0.00194262
0.00173538
0.00172216
0.0015496
0.00153708
0.00139211
0.00138022
0.00125745
0.00124613
0.00114141
0.00113062
0.00104073
0.00103041
0.000952797
0.000942918
0.000875562
0.000866084
0.000807354
0.000798247
0.214974
0.151227
0.151161
0.0799962
0.079986
0.0448311
0.0447967
0.0277557
0.0277193
0.018634
0.0185997
0.0132953
0.0132641
0.00993316
0.00990501
0.00769005
0.00766458
0.00612342
0.00610025
0.00498807
0.00496687
0.00413996
0.00412044
0.00349023
0.00347217
0.00298174
0.00296495
0.00257649
0.0025608
0.00224838
0.00223367
0.00197906
0.00196521
0.00175531
0.00174224
0.00156742
0.00155504
0.00140813
0.00139638
0.00127193
0.00126075
0.00115457
0.0011439
0.00105273
0.00104253
0.00096379
0.000954021
0.000885667
0.000876294
0.000816674
0.000807667
0.212696
0.150576
0.150573
0.0802559
0.0802424
0.0451412
0.0451077
0.0279974
0.0279612
0.0188138
0.01878
0.013431
0.0134003
0.010038
0.0100103
0.00777302
0.00774788
0.00619047
0.00616758
0.00504326
0.00502231
0.00418612
0.00416683
0.00352936
0.00351151
0.00301532
0.00299872
0.0026056
0.00259009
0.00227385
0.0022593
0.00200152
0.00198783
0.00177527
0.00176234
0.00158527
0.00157303
0.00142418
0.00141256
0.00128644
0.00127538
0.00116775
0.00115719
0.00106475
0.00105466
0.000974802
0.000965139
0.000895789
0.000886517
0.00082601
0.0008171
0.210477
0.149978
0.149975
0.0805049
0.0804838
0.04544
0.0454062
0.0282319
0.0281968
0.0189894
0.0189562
0.0135638
0.0135336
0.0101408
0.0101134
0.00785439
0.00782958
0.00625627
0.00623366
0.00509745
0.00507674
0.00423145
0.00421238
0.0035678
0.00355016
0.00304831
0.0030319
0.00263421
0.00261887
0.00229888
0.0022845
0.00202361
0.00201007
0.00179489
0.0017821
0.00160281
0.0015907
0.00143996
0.00142846
0.00130071
0.00128976
0.00118071
0.00117027
0.00107657
0.00106659
0.000985631
0.000976069
0.000905743
0.000896569
0.00083519
0.000826375
0.208369
0.149351
0.14929
0.0807438
0.0807236
0.0457398
0.0457063
0.0284678
0.0284332
0.0191659
0.0191332
0.0136974
0.0136676
0.0102442
0.0102172
0.0079363
0.00791178
0.00632251
0.00630017
0.005152
0.00513154
0.00427709
0.00425825
0.00360652
0.00358907
0.00308154
0.0030653
0.00266302
0.00264785
0.0023241
0.00230987
0.00204585
0.00203246
0.00181465
0.001802
0.00162049
0.0016085
0.00145586
0.00144448
0.00131508
0.00130425
0.00119376
0.00118343
0.00108849
0.0010786
0.000996541
0.000987077
0.000915772
0.000906692
0.000844441
0.000835715
0.206264
0.148797
0.148738
0.0809545
0.0809268
0.0460176
0.0459868
0.0286905
0.0286566
0.0193339
0.0193018
0.013825
0.0137956
0.0103432
0.0103165
0.00801484
0.00799063
0.00638609
0.00636402
0.0052044
0.00518418
0.00432096
0.00430232
0.00364374
0.00362648
0.0031135
0.00309744
0.00269074
0.00267573
0.00234836
0.00233428
0.00206726
0.002054
0.00183367
0.00182116
0.0016375
0.00162564
0.00147116
0.0014599
0.00132891
0.00131819
0.00120633
0.0011961
0.00109995
0.00109017
0.00100704
0.000997677
0.000925427
0.000916441
0.000853346
0.00084471
0.204316
0.14803
0.148085
0.0811823
0.081164
0.0463087
0.0462794
0.0289223
0.0288891
0.0195082
0.0194766
0.0139573
0.0139283
0.0104457
0.0104194
0.00809612
0.0080722
0.00645187
0.00643006
0.00525862
0.00523861
0.00436634
0.0043479
0.00368224
0.00366516
0.00314655
0.00313065
0.0027194
0.00270455
0.00237345
0.00235951
0.00208939
0.00207627
0.00185334
0.00184095
0.00165509
0.00164335
0.00148698
0.00147583
0.00134322
0.00133261
0.00121933
0.0012092
0.00111181
0.00110213
0.00101791
0.00100863
0.000935414
0.000926514
0.000862558
0.000854004
0.202324
0.14753
0.147529
0.0813575
0.0813485
0.0465705
0.0465413
0.0291352
0.0291026
0.01967
0.0196388
0.0140807
0.0140521
0.0105417
0.0105157
0.00817237
0.00814875
0.00651368
0.00649211
0.00530959
0.00528981
0.00440904
0.0043908
0.00371849
0.00370159
0.00317767
0.00316195
0.00274641
0.00273171
0.00239709
0.0023833
0.00211026
0.00209727
0.00187189
0.00185962
0.00167168
0.00166005
0.0015019
0.00149087
0.00135672
0.00134621
0.00123159
0.00122156
0.001123
0.00111341
0.00102815
0.00101897
0.000944833
0.000936021
0.000871247
0.000862778
0.200437
0.1469
0.146953
0.0815452
0.0815327
0.0468349
0.0468053
0.029351
0.029319
0.0198338
0.0198031
0.0142057
0.0141775
0.0106389
0.0106132
0.00824964
0.00822627
0.00657628
0.00655496
0.00536124
0.00534167
0.0044523
0.00443426
0.00375521
0.00373849
0.00320922
0.00319365
0.00277378
0.00275923
0.00242105
0.0024074
0.0021314
0.00211854
0.00189068
0.00187854
0.00168849
0.00167698
0.00151703
0.0015061
0.00137039
0.00135998
0.00124401
0.00123408
0.00113433
0.00112484
0.00103854
0.00102944
0.000954381
0.000945653
0.000880054
0.000871666
0.198636
0.146191
0.146351
0.0817232
0.0817282
0.0471009
0.0470733
0.0295675
0.029536
0.0199984
0.0199683
0.0143314
0.0143035
0.0107367
0.0107113
0.00832734
0.00830426
0.00663929
0.0066182
0.00541322
0.00539386
0.00449585
0.00447799
0.00379218
0.00377563
0.00324097
0.00322556
0.00280134
0.00278692
0.00244518
0.00243165
0.0021527
0.00213996
0.00190961
0.00189758
0.00170541
0.00169401
0.00153226
0.00152143
0.00138416
0.00137385
0.00125653
0.00124669
0.00114575
0.00113634
0.001049
0.00103998
0.000963997
0.000955349
0.000888924
0.000880613
0.196841
0.145721
0.145668
0.0818941
0.0818831
0.0473495
0.047325
0.0297735
0.0297426
0.0201565
0.0201265
0.0144523
0.0144248
0.010831
0.0108059
0.00840237
0.00837955
0.00670017
0.00667931
0.00546349
0.00544433
0.00453798
0.0045203
0.00382796
0.00381157
0.00327171
0.00325645
0.00282801
0.00281374
0.00246854
0.00245515
0.00217332
0.0021607
0.00192794
0.00191602
0.00172181
0.00171052
0.00154701
0.00153628
0.0013975
0.00138729
0.00126865
0.0012589
0.00115681
0.00114749
0.00105913
0.0010502
0.000973315
0.000964747
0.00089752
0.000889285
0.195093
0.145042
0.145196
0.0820539
0.0820437
0.0475946
0.0475684
0.0299758
0.0299458
0.0203116
0.0202822
0.0145714
0.0145444
0.010924
0.0108992
0.00847642
0.00845385
0.00676029
0.00673965
0.00551313
0.00549417
0.0045796
0.0045621
0.00386332
0.00384709
0.00330209
0.00328698
0.00285439
0.00284025
0.00249164
0.00247837
0.00219371
0.00218121
0.00194606
0.00193426
0.00173803
0.00172684
0.0015616
0.00155097
0.0014107
0.00140058
0.00128064
0.00127098
0.00116775
0.00115852
0.00106916
0.00106031
0.000982532
0.000974042
0.000906023
0.000897862
0.1934
0.144476
0.144628
0.0821918
0.0821822
0.0478307
0.0478065
0.0301758
0.0301458
0.0204652
0.0204367
0.0146897
0.0146628
0.0110163
0.0109918
0.00855002
0.0085277
0.00682007
0.00679964
0.00556251
0.00554375
0.00462101
0.00460368
0.0038985
0.00388243
0.00333233
0.00331736
0.00288063
0.00286663
0.00251463
0.00250148
0.002214
0.00220162
0.00196411
0.00195241
0.00175417
0.00174309
0.00157613
0.00156559
0.00142384
0.00141381
0.00129258
0.00128301
0.00117865
0.0011695
0.00107914
0.00107037
0.00099171
0.000983294
0.000914489
0.000906401
0.19177
0.143928
0.143978
0.0823369
0.0823199
0.0480668
0.0480432
0.0303744
0.0303449
0.0206189
0.0205905
0.0148077
0.0147813
0.0111086
0.0110845
0.00862364
0.00860156
0.00687987
0.00685966
0.00561193
0.00559335
0.00466246
0.0046453
0.00393372
0.0039178
0.0033626
0.00334777
0.00290692
0.00289304
0.00253765
0.00252462
0.00223432
0.00222205
0.00198218
0.00197058
0.00177034
0.00175935
0.00159067
0.00158023
0.001437
0.00142705
0.00130453
0.00129505
0.00118956
0.00118049
0.00108913
0.00108044
0.0010009
0.000992559
0.00092297
0.000914951
0.190193
0.143295
0.143344
0.0824867
0.0824784
0.0483036
0.0482782
0.0305719
0.030543
0.0207715
0.0207436
0.0149253
0.0148992
0.0112006
0.0111767
0.00869701
0.00867515
0.0069395
0.00691949
0.00566121
0.00564281
0.0047038
0.0046868
0.00396885
0.00395308
0.0033928
0.00337811
0.00293314
0.00291939
0.00256062
0.00254771
0.00225461
0.00224244
0.00200021
0.00198872
0.00178647
0.00177558
0.00160519
0.00159484
0.00145013
0.00144027
0.00131647
0.00130706
0.00120045
0.00119146
0.00109911
0.00109049
0.00101008
0.00100181
0.000931435
0.000923484
0.188592
0.142715
0.142955
0.0825839
0.0825762
0.0485159
0.0484899
0.0307553
0.0307277
0.0209148
0.0208874
0.0150362
0.0150105
0.0112877
0.0112641
0.00876662
0.00874501
0.00699615
0.00697634
0.00570808
0.00568986
0.00474314
0.0047263
0.00400231
0.00398668
0.00342157
0.00340701
0.00295812
0.0029445
0.00258251
0.00256972
0.00227394
0.00226189
0.0020174
0.00200601
0.00180186
0.00179106
0.00161904
0.00160878
0.00146265
0.00145288
0.00132785
0.00131853
0.00121084
0.00120192
0.00110863
0.00110009
0.00101883
0.00101063
0.000939511
0.000931628
0.18708
0.14227
0.142224
0.0827112
0.082704
0.048733
0.04871
0.030944
0.0309167
0.0210617
0.0210346
0.0151499
0.0151244
0.0113768
0.0113534
0.00883779
0.00881641
0.00705406
0.00703445
0.00575598
0.00573794
0.00478334
0.00476667
0.00403649
0.00402101
0.00345097
0.00343654
0.00298365
0.00297015
0.00260488
0.0025922
0.00229369
0.00228174
0.00203497
0.00202368
0.00181758
0.00180688
0.00163319
0.00162302
0.00147545
0.00146576
0.00133948
0.00133024
0.00122146
0.00121261
0.00111836
0.00110989
0.00102778
0.00101964
0.000947764
0.000939946
0.185575
0.14171
0.141758
0.0828092
0.0827947
0.0489404
0.048918
0.0311244
0.0310973
0.021203
0.0211763
0.0152595
0.0152344
0.011463
0.0114399
0.00890676
0.00888559
0.00711023
0.00709081
0.00580247
0.0057846
0.00482239
0.00480586
0.0040697
0.00405436
0.00347953
0.00346523
0.00300847
0.00299508
0.00262663
0.00261406
0.0023129
0.00230105
0.00205205
0.00204085
0.00183287
0.00182225
0.00164695
0.00163686
0.0014879
0.00147829
0.0013508
0.00134163
0.00123179
0.00122301
0.00112782
0.00111942
0.00103648
0.00102841
0.000955792
0.000948038
0.184124
0.141168
0.141215
0.0829002
0.0829021
0.0491437
0.0491231
0.0313045
0.0312774
0.0213444
0.021318
0.0153693
0.0153445
0.0115493
0.0115265
0.00897587
0.00895493
0.00716653
0.0071473
0.00584908
0.00583138
0.00486153
0.00484516
0.004103
0.0040878
0.00350818
0.003494
0.00303336
0.00302009
0.00264844
0.00263597
0.00233217
0.00232042
0.00206919
0.00205808
0.00184821
0.00183768
0.00166075
0.00165075
0.00150039
0.00149086
0.00136215
0.00135305
0.00124215
0.00123345
0.00113732
0.00112898
0.00104521
0.00103721
0.000963848
0.000956156
0.182758
0.140489
0.140625
0.0830154
0.0830099
0.0493569
0.0493394
0.031489
0.0314642
0.0214897
0.0214636
0.015482
0.0154576
0.011638
0.0116154
0.0090468
0.00902606
0.00722429
0.00720524
0.0058969
0.00587935
0.00490169
0.00488546
0.00413716
0.00412209
0.00353756
0.0035235
0.00305888
0.00304572
0.00267081
0.00265845
0.00235193
0.00234027
0.00208676
0.00207575
0.00186394
0.00185349
0.00167491
0.00166498
0.0015132
0.00150374
0.00137379
0.00136476
0.00125277
0.00124414
0.00114705
0.00113878
0.00105416
0.00104622
0.000972109
0.000964476
0.181405
0.139893
0.140027
0.0831076
0.0831181
0.0495626
0.0495457
0.0316697
0.0316436
0.021631
0.0216052
0.0155921
0.0155678
0.0117246
0.0117022
0.00911614
0.00909559
0.00728079
0.00726192
0.00594369
0.00592631
0.00494101
0.00492492
0.00417061
0.00415566
0.00356634
0.0035524
0.00308389
0.00307084
0.00269273
0.00268047
0.00237129
0.00235973
0.00210399
0.00209306
0.00187935
0.00186899
0.00168879
0.00167894
0.00152575
0.00151637
0.0013852
0.00137624
0.00126319
0.00125462
0.0011566
0.00114839
0.00106294
0.00105506
0.000980209
0.000972634
0.180052
0.13928
0.139585
0.0831943
0.0831897
0.0497574
0.049736
0.0318407
0.0318156
0.0217667
0.0217413
0.0156981
0.0156741
0.0118081
0.011786
0.0091832
0.00916287
0.0073355
0.0073168
0.00598904
0.0059718
0.00497912
0.00496317
0.00420306
0.00418823
0.00359426
0.00358044
0.00310816
0.00309521
0.00271401
0.00270184
0.00239009
0.00237862
0.00212071
0.00210987
0.00189432
0.00188404
0.00170226
0.00169249
0.00153794
0.00152863
0.00139628
0.0013874
0.00127331
0.0012648
0.00116587
0.00115772
0.00107147
0.00106365
0.000988077
0.000980559
0.178766
0.138701
0.139002
0.0832764
0.0832722
0.0499504
0.049927
0.032016
0.0319907
0.0219052
0.0218799
0.0158059
0.0157823
0.0118933
0.0118714
0.00925148
0.00923133
0.0073912
0.00737269
0.0060352
0.00601812
0.00501793
0.00500211
0.00423608
0.00422138
0.00362269
0.00360897
0.00313286
0.00312002
0.00273567
0.00272359
0.00240922
0.00239784
0.00213773
0.00212697
0.00190956
0.00189936
0.00171598
0.00170628
0.00155036
0.00154112
0.00140757
0.00139874
0.0012836
0.00127517
0.00117531
0.00116722
0.00108015
0.00107239
0.000996086
0.000988624
0.177381
0.138366
0.138664
0.0832929
0.0833197
0.0501054
0.0500875
0.0321643
0.0321389
0.0220261
0.0220013
0.0159014
0.0158779
0.0119691
0.0119474
0.00931246
0.00929255
0.00744109
0.00742275
0.00607662
0.00605969
0.0050528
0.00503712
0.00426579
0.00425122
0.00364828
0.00363468
0.00315512
0.00314238
0.00275519
0.00274322
0.00242647
0.00241519
0.00215309
0.00214241
0.00192331
0.00191319
0.00172836
0.00171874
0.00156156
0.00155239
0.00141775
0.001409
0.0012929
0.00128453
0.00118383
0.00117581
0.00108799
0.00108029
0.00100332
0.000995917
0.176209
0.137839
0.1378
0.0834206
0.0834021
0.0503104
0.0502881
0.0323438
0.0323189
0.0221675
0.0221434
0.0160121
0.0159888
0.0120564
0.0120349
0.00938246
0.00936271
0.0074982
0.00748002
0.00612395
0.00610716
0.00509258
0.00507702
0.00429966
0.0042852
0.00367743
0.00366393
0.00318045
0.00316781
0.0027774
0.00276551
0.0024461
0.00243489
0.00217054
0.00215995
0.00193894
0.00192889
0.00174243
0.00173288
0.00157429
0.00156519
0.00142932
0.00142063
0.00130347
0.00129515
0.00119351
0.00118555
0.00109689
0.00108924
0.00101154
0.00100418
0.174948
0.137392
0.137353
0.0834428
0.0834549
0.0504759
0.0504565
0.0324996
0.0324756
0.0222935
0.0222691
0.0161111
0.0160882
0.0121349
0.0121137
0.00944575
0.00942615
0.00754994
0.00753192
0.00616691
0.00615026
0.00512874
0.00511332
0.00433046
0.00431613
0.00370396
0.00369057
0.00320353
0.00319099
0.00279764
0.00278584
0.00246399
0.00245287
0.00218646
0.00217595
0.00195319
0.00194322
0.00175526
0.00174578
0.00158591
0.00157687
0.00143988
0.00143126
0.00131311
0.00130486
0.00120235
0.00119444
0.00110502
0.00109743
0.00101904
0.00101174
0.173798
0.136691
0.136814
0.0835305
0.0835279
0.0506592
0.0506428
0.032668
0.0326426
0.022428
0.0224043
0.0162168
0.0161942
0.0122186
0.0121975
0.00951299
0.0094936
0.00760488
0.007587
0.00621249
0.00619598
0.00516708
0.00515178
0.00436312
0.00434889
0.00373208
0.00371879
0.00322798
0.00321553
0.00281908
0.00280737
0.00248293
0.00247189
0.00220332
0.00219288
0.00196829
0.00195838
0.00176885
0.00175944
0.0015982
0.00158923
0.00145107
0.0014425
0.00132332
0.00131512
0.00121171
0.00120385
0.00111363
0.00110609
0.00102698
0.00101973
0.172583
0.136406
0.13621
0.0835696
0.0835674
0.0508221
0.0508036
0.0328186
0.0327959
0.0225499
0.0225262
0.0163133
0.0162908
0.0122952
0.0122744
0.00957473
0.00955553
0.00765544
0.00763771
0.00625449
0.00623812
0.00520245
0.00518728
0.00439327
0.00437915
0.00375806
0.00374488
0.00325057
0.00323822
0.0028389
0.00282728
0.00250046
0.0024895
0.00221892
0.00220856
0.00198225
0.00197243
0.00178143
0.00177209
0.00160959
0.00160068
0.00146142
0.00145291
0.00133277
0.00132463
0.00122037
0.00121257
0.00112159
0.00111411
0.00103433
0.00102714
0.171454
0.13601
0.135505
0.0836334
0.0836168
0.0509916
0.0509736
0.0329754
0.0329543
0.022678
0.0226548
0.0164142
0.016392
0.0123753
0.0123548
0.00963927
0.00962023
0.00770823
0.00769067
0.00629834
0.0062821
0.00523937
0.00522431
0.00442473
0.00441072
0.00378516
0.00377208
0.00327415
0.00326188
0.00285958
0.00284805
0.00251874
0.00250786
0.00223519
0.0022249
0.00199682
0.00198706
0.00179455
0.00178527
0.00162146
0.00161262
0.00147221
0.00146377
0.00134263
0.00133455
0.0012294
0.00122166
0.0011299
0.00112247
0.001042
0.00103485
0.170359
0.135163
0.135281
0.0836392
0.0836671
0.0511583
0.0511383
0.0331338
0.0331124
0.0228061
0.0227825
0.0165149
0.0164931
0.0124555
0.0124351
0.00970388
0.00968502
0.00776111
0.00774369
0.00634227
0.00632616
0.00527635
0.00526142
0.00445626
0.00444235
0.00381232
0.00379933
0.00329777
0.0032856
0.00288031
0.00286885
0.00253706
0.00252626
0.0022515
0.00224128
0.00201142
0.00200173
0.0018077
0.00179848
0.00163336
0.00162458
0.00148303
0.00147464
0.00135251
0.00134448
0.00123846
0.00123077
0.00113823
0.00113085
0.00104969
0.00104259
0.16914
0.135126
0.134786
0.0836567
0.0836408
0.0512796
0.0512624
0.0332612
0.0332407
0.0229124
0.0228905
0.0166009
0.016579
0.0125243
0.0125041
0.00975957
0.00974089
0.00780688
0.0077896
0.00638038
0.00636441
0.0053085
0.00529369
0.0044837
0.00446991
0.00383599
0.0038231
0.00331838
0.0033063
0.00289839
0.00288703
0.00255306
0.00254234
0.00226574
0.0022556
0.00202419
0.00201457
0.0018192
0.00181005
0.00164377
0.00163505
0.0014925
0.00148417
0.00136115
0.00135318
0.00124638
0.00123875
0.00114552
0.00113819
0.00105642
0.00104937
0.168076
0.133985
0.134849
0.083662
0.0837337
0.0514371
0.0514252
0.0334132
0.0333926
0.0230357
0.023013
0.0166985
0.0166768
0.012602
0.012582
0.00982228
0.00980375
0.00785826
0.00784115
0.0064231
0.00640724
0.0053445
0.00532979
0.00451439
0.0045007
0.00386244
0.00384965
0.00334139
0.0033294
0.00291859
0.00290731
0.00257091
0.00256027
0.00228164
0.00227156
0.00203842
0.00202887
0.00183202
0.00182293
0.00165538
0.00164672
0.00150305
0.00149478
0.00137079
0.00136287
0.00125522
0.00124763
0.00115365
0.00114637
0.00106392
0.00105691
0.167041
0.134053
0.133724
0.0837398
0.0837247
0.0515911
0.0515796
0.0335612
0.033542
0.0231578
0.0231361
0.0167956
0.0167745
0.0126796
0.0126598
0.00988492
0.00986656
0.00790962
0.00789263
0.0064658
0.00645007
0.00538049
0.00536589
0.00454508
0.00453149
0.0038889
0.00387619
0.00336441
0.0033525
0.00293879
0.00292759
0.00258878
0.0025782
0.00229754
0.00228753
0.00205267
0.00204317
0.00184485
0.00183582
0.00166699
0.00165838
0.00151361
0.00150539
0.00138043
0.00137257
0.00126406
0.00125652
0.00116178
0.00115454
0.00107142
0.00106446
0.16602
0.133525
0.1332
0.0837526
0.0837666
0.0517544
0.0517433
0.033708
0.0336892
0.0232783
0.0232572
0.0168915
0.0168704
0.0127561
0.0127365
0.00994673
0.00992852
0.00796027
0.00794342
0.00650795
0.00649234
0.00541602
0.00540153
0.00457539
0.0045619
0.00391503
0.00390241
0.00338715
0.00337532
0.00295875
0.00294762
0.00260643
0.00259592
0.00231325
0.00230331
0.00206674
0.00205731
0.00185753
0.00184856
0.00167847
0.00166992
0.00152405
0.00151588
0.00138996
0.00138215
0.00127279
0.0012653
0.00116982
0.00116263
0.00107884
0.00107192
0.165014
0.132711
0.132965
0.0838163
0.083802
0.051903
0.0518826
0.0338528
0.0338332
0.0233971
0.0233759
0.0169858
0.016965
0.0128314
0.012812
0.0100077
0.00998963
0.00801034
0.00799361
0.00654961
0.00653412
0.00545114
0.00543676
0.00460536
0.00459196
0.00394086
0.00392834
0.00340965
0.00339789
0.00297849
0.00296744
0.00262389
0.00261345
0.0023288
0.00231892
0.00208067
0.0020713
0.00187007
0.00186116
0.00168982
0.00168133
0.00153437
0.00152626
0.00139939
0.00139163
0.00128144
0.00127399
0.00117777
0.00117063
0.00108618
0.00107931
0.164039
0.132204
0.132454
0.0838255
0.0838398
0.0520377
0.0520225
0.0339969
0.0339764
0.0235152
0.0234943
0.0170806
0.0170598
0.0129071
0.0128879
0.010069
0.010051
0.00806058
0.00804397
0.00659144
0.00657606
0.00548642
0.00547214
0.00463546
0.00462215
0.00396683
0.00395438
0.00343224
0.00342057
0.00299833
0.00298734
0.00264143
0.00263106
0.00234442
0.00233461
0.00209466
0.00208535
0.00188267
0.00187382
0.00170123
0.00169279
0.00154475
0.00153669
0.00140887
0.00140115
0.00129013
0.00128273
0.00118576
0.00117866
0.00109356
0.00108673
0.163077
0.131699
0.131945
0.0838567
0.0838431
0.0521821
0.052172
0.0341366
0.0341187
0.0236319
0.0236112
0.0171738
0.0171534
0.0129818
0.0129626
0.0101293
0.0101116
0.00811021
0.00809375
0.00663275
0.00661749
0.00552127
0.0055071
0.00466521
0.004652
0.00399249
0.00398013
0.00345458
0.00344299
0.00301794
0.00300703
0.00265878
0.00264848
0.00235987
0.00235012
0.0021085
0.00209925
0.00189514
0.00188634
0.00171252
0.00170413
0.00155502
0.001547
0.00141824
0.00141057
0.00129872
0.00129137
0.00119367
0.00118661
0.00110086
0.00109407
0.162038
0.131949
0.131091
0.0838352
0.0838219
0.0523024
0.052283
0.0342554
0.0342378
0.0237337
0.0237129
0.0172556
0.0172358
0.013048
0.0130291
0.0101834
0.0101657
0.00815464
0.00813834
0.00666988
0.00665474
0.00555264
0.00553857
0.00469202
0.0046789
0.00401563
0.00400336
0.00347474
0.00346324
0.00303565
0.00302482
0.00267445
0.00266422
0.00237383
0.00236415
0.00212101
0.00211183
0.00190642
0.00189768
0.00172273
0.0017144
0.0015643
0.00155635
0.00142673
0.00141911
0.0013065
0.0012992
0.00120083
0.00119382
0.00110746
0.00110072
0.161061
0.13113
0.131098
0.0838613
0.0838205
0.0524194
0.0524052
0.0343827
0.0343643
0.02384
0.0238198
0.0173421
0.0173221
0.0131173
0.0130985
0.0102396
0.0102222
0.00820097
0.0081848
0.00670851
0.0066935
0.00558528
0.00557131
0.0047199
0.00470688
0.00403969
0.00402751
0.00349571
0.00348427
0.00305406
0.0030433
0.00269074
0.00268058
0.00238834
0.00237872
0.00213402
0.00212489
0.00191813
0.00190945
0.00173334
0.00172506
0.00157396
0.00156605
0.00143554
0.00142797
0.00131458
0.00130733
0.00120827
0.0012013
0.00111433
0.00110763
0.16021
0.130682
0.130383
0.0838022
0.0839001
0.0525593
0.0525454
0.0345313
0.034512
0.0239611
0.0239412
0.0174386
0.017419
0.0131948
0.0131761
0.0103023
0.010285
0.00825248
0.00823639
0.0067514
0.00673648
0.00562147
0.00560758
0.00475078
0.00473784
0.00406633
0.00405422
0.0035189
0.00350753
0.00307442
0.00306373
0.00270875
0.00269865
0.00240438
0.00239481
0.00214839
0.00213931
0.00193108
0.00192244
0.00174506
0.00173683
0.00158461
0.00157675
0.00144527
0.00143775
0.0013235
0.00131629
0.00121648
0.00120955
0.00112191
0.00111524
0.159308
0.130184
0.129889
0.0838706
0.0838857
0.0526934
0.0526847
0.0346599
0.0346421
0.0240712
0.0240516
0.0175275
0.0175077
0.0132661
0.0132476
0.0103603
0.0103431
0.00830017
0.0082842
0.00679117
0.00677635
0.00565505
0.00564127
0.00477948
0.00476663
0.0040911
0.00407907
0.00354047
0.00352918
0.00309337
0.00308274
0.00272552
0.00271548
0.00241931
0.00240981
0.00216177
0.00215275
0.00194314
0.00193455
0.00175598
0.00174779
0.00159455
0.00158673
0.00145435
0.00144687
0.00133182
0.00132465
0.00122413
0.00121724
0.00112897
0.00112235
0.158431
0.129439
0.12967
0.0838859
0.0838739
0.0528328
0.0528051
0.0347924
0.0347748
0.0241817
0.0241615
0.0176164
0.0175973
0.0133377
0.0133193
0.0104185
0.0104014
0.00834804
0.00833219
0.00683111
0.0068164
0.00568877
0.00567509
0.00480829
0.00479552
0.00411597
0.00410402
0.00356214
0.00355092
0.0031124
0.00310184
0.00274236
0.00273238
0.00243431
0.00242487
0.00217521
0.00216624
0.00195525
0.00194672
0.00176694
0.00175881
0.00160452
0.00159675
0.00146346
0.00145602
0.00134018
0.00133305
0.00123182
0.00122497
0.00113607
0.00112948
0.157569
0.129478
0.128678
0.0838983
0.0838594
0.0529502
0.052942
0.0349218
0.0349034
0.0242909
0.0242717
0.0177045
0.0176855
0.0134087
0.0133905
0.0104762
0.0104593
0.00839556
0.00837986
0.00687076
0.00685615
0.00572229
0.00570869
0.00483692
0.00482424
0.00414069
0.00412881
0.00358368
0.00357252
0.00313132
0.00312082
0.0027591
0.00274918
0.00244922
0.00243983
0.00218858
0.00217966
0.00196729
0.00195881
0.00177785
0.00176976
0.00161444
0.00160672
0.00147252
0.00146513
0.00134849
0.0013414
0.00123946
0.00123265
0.00114313
0.00113658
0.156676
0.128708
0.12868
0.083883
0.0838715
0.0530635
0.0530365
0.0350402
0.0350221
0.0243914
0.024372
0.0177866
0.0177675
0.0134751
0.0134572
0.0105303
0.0105135
0.00844027
0.00842466
0.00690812
0.00689361
0.00575387
0.00574037
0.00486394
0.00485134
0.00416402
0.00415222
0.00360401
0.00359294
0.0031492
0.00313876
0.00277492
0.00276506
0.00246332
0.00245399
0.00220121
0.00219235
0.00197868
0.00197025
0.00178817
0.00178013
0.00162383
0.00161615
0.0014811
0.00147374
0.00135635
0.0013493
0.0012467
0.00123993
0.00114981
0.0011433
0.155814
0.128215
0.128438
0.0838199
0.0838355
0.0531701
0.0531577
0.0351557
0.035139
0.0244935
0.0244744
0.0178698
0.0178509
0.0135423
0.0135245
0.0105851
0.0105685
0.00848548
0.00846999
0.00694588
0.00693151
0.00578583
0.00577242
0.00489126
0.00487874
0.00418763
0.0041759
0.00362459
0.00361358
0.00316727
0.00315691
0.00279092
0.00278113
0.00247758
0.00246831
0.002214
0.00220519
0.0019902
0.00198182
0.0017986
0.00179061
0.00163332
0.00162569
0.00148977
0.00148246
0.0013643
0.0013573
0.00125402
0.00124729
0.00115656
0.00115009
0.154945
0.128456
0.127436
0.08385
0.0838125
0.0532668
0.0532595
0.0352717
0.0352541
0.0245926
0.0245722
0.0179492
0.0179312
0.013607
0.0135894
0.0106381
0.0106215
0.00852922
0.00851385
0.00698246
0.00696817
0.00581679
0.00580348
0.00491775
0.00490531
0.00421051
0.00419887
0.00364454
0.0036336
0.00318481
0.00317451
0.00280645
0.00279672
0.00249142
0.0024822
0.0022264
0.00221765
0.00200138
0.00199305
0.00180873
0.00180079
0.00164254
0.00163495
0.00149819
0.00149092
0.00137202
0.00136506
0.00126112
0.00125443
0.00116312
0.00115669
0.153979
0.127608
0.128072
0.083737
0.0838057
0.0533319
0.0533154
0.0353557
0.0353431
0.0246697
0.0246511
0.0180156
0.0179965
0.0136613
0.0136441
0.0106829
0.0106664
0.00856638
0.00855119
0.00701369
0.00699951
0.00584329
0.00583006
0.00494047
0.00492813
0.00423018
0.00421861
0.00366171
0.00365085
0.00319992
0.00318969
0.00281984
0.00281017
0.00250336
0.0024942
0.00223711
0.00222842
0.00201104
0.00200277
0.00181748
0.00180959
0.0016505
0.00164296
0.00150547
0.00149825
0.0013787
0.00137178
0.00126727
0.00126062
0.0011688
0.0011624
0.153457
0.127129
0.12662
0.0838036
0.0837669
0.0535249
0.0535086
0.035537
0.0355223
0.0248156
0.0247964
0.0181307
0.0181122
0.0137534
0.0137359
0.0107571
0.0107407
0.00862726
0.00861204
0.00706432
0.0070502
0.00588593
0.00587279
0.00497686
0.00496458
0.00426156
0.00425004
0.00368902
0.0036782
0.00322389
0.0032137
0.00284104
0.00283141
0.00252223
0.00251311
0.00225402
0.00224536
0.00202627
0.00201803
0.00183127
0.00182341
0.00166304
0.00165553
0.00151692
0.00150973
0.0013892
0.0013823
0.00127693
0.0012703
0.00117771
0.00117134
0.152649
0.126414
0.126387
0.0838628
0.0838265
0.0536308
0.0536149
0.0356503
0.0356358
0.0249124
0.0248949
0.0182108
0.0181925
0.0138182
0.0138011
0.0108101
0.010794
0.00867118
0.00865612
0.00710108
0.00708706
0.00591707
0.00590401
0.0050035
0.00499129
0.00428458
0.00427313
0.0037091
0.00369834
0.00324154
0.00323141
0.00285666
0.00284709
0.00253617
0.0025271
0.00226651
0.0022579
0.00203753
0.00202933
0.00184147
0.00183365
0.00167232
0.00166485
0.0015254
0.00151824
0.00139698
0.00139012
0.00128408
0.0012775
0.00118432
0.00117798
0.151958
0.125333
0.126242
0.0839248
0.083785
0.0537525
0.0537653
0.0357844
0.0357654
0.0250269
0.0250088
0.018303
0.0182846
0.0138924
0.0138753
0.0108703
0.0108544
0.00872077
0.00870583
0.00714249
0.00712856
0.00595208
0.00593909
0.00503344
0.00502129
0.00431043
0.00429905
0.00373162
0.00372093
0.00326133
0.00325125
0.00287418
0.00286466
0.00255177
0.00254275
0.0022805
0.00227193
0.00205014
0.00204198
0.00185289
0.00184511
0.00168271
0.00167528
0.00153489
0.00152777
0.00140568
0.00139885
0.00129209
0.00128554
0.00119171
0.00118541
0.151036
0.125919
0.125428
0.0837977
0.0838655
0.0538233
0.053789
0.0358615
0.0358428
0.0250985
0.0250807
0.0183642
0.0183465
0.0139434
0.0139266
0.0109127
0.0108968
0.00875608
0.00874126
0.00717218
0.00715838
0.00597732
0.00596444
0.00505511
0.00504304
0.0043292
0.0043179
0.00374803
0.00373741
0.00327577
0.00326576
0.00288699
0.00287752
0.0025632
0.00255423
0.00229075
0.00228224
0.00205938
0.00205128
0.00186127
0.00185354
0.00169034
0.00168295
0.00154186
0.00153479
0.00141208
0.00140529
0.00129798
0.00129147
0.00119715
0.00119089
0.150176
0.12561
0.125585
0.0836445
0.0837119
0.0538806
0.053856
0.0359485
0.03593
0.0251793
0.0251609
0.0184308
0.0184135
0.0139984
0.0139817
0.0109581
0.0109422
0.00879377
0.00877906
0.00720392
0.00719018
0.00600426
0.00599144
0.0050782
0.00506622
0.00434919
0.00433797
0.00376549
0.00375494
0.00329114
0.00328119
0.00290061
0.0028912
0.00257534
0.00256644
0.00230165
0.00229319
0.00206921
0.00206116
0.00187017
0.00186249
0.00169845
0.0016911
0.00154927
0.00154224
0.00141887
0.00141213
0.00130424
0.00129776
0.00120293
0.0011967
0.149517
0.124551
0.125434
0.0836975
0.0837137
0.0539846
0.0539791
0.0360792
0.0360633
0.0252877
0.0252703
0.0185204
0.0185024
0.0140704
0.0140537
0.0110169
0.0110011
0.00884231
0.00882767
0.00724441
0.00723077
0.00603853
0.00602579
0.0051075
0.00509561
0.00437452
0.00436336
0.00378757
0.00377707
0.00331054
0.00330065
0.00291779
0.00290843
0.00259066
0.00258179
0.00231537
0.00230695
0.00208158
0.00207357
0.00188138
0.00187373
0.00170864
0.00170133
0.00155859
0.00155159
0.00142742
0.00142071
0.0013121
0.00130565
0.00121019
0.00120399
0.148634
0.125111
0.124635
0.0836668
0.0836831
0.0540483
0.0540431
0.036149
0.036131
0.0253567
0.0253387
0.0185797
0.018562
0.01412
0.0141032
0.0110579
0.0110423
0.00887661
0.00886205
0.00727329
0.00725974
0.0060631
0.00605044
0.00512861
0.00511679
0.00439282
0.00438172
0.00380356
0.00379313
0.00332463
0.0033148
0.00293028
0.00292098
0.0026018
0.002593
0.00232538
0.00231701
0.00209061
0.00208265
0.00188956
0.00188196
0.00171609
0.00170883
0.0015654
0.00155844
0.00143367
0.001427
0.00131786
0.00131145
0.0012155
0.00120934
0.148002
0.124517
0.124048
0.0836676
0.083684
0.0541596
0.054164
0.0362757
0.0362627
0.0254663
0.0254485
0.0186681
0.0186508
0.0141916
0.0141751
0.0111164
0.0111009
0.00892482
0.00891041
0.00731365
0.00730016
0.00609724
0.00608467
0.00515784
0.00514607
0.00441807
0.00440704
0.00382558
0.0038152
0.00334399
0.0033342
0.00294741
0.00293816
0.00261707
0.00260831
0.00233907
0.00233074
0.00210295
0.00209503
0.00190074
0.00189318
0.00172626
0.00171904
0.00157469
0.00156777
0.00144219
0.00143555
0.0013257
0.00131932
0.00122275
0.00121661
0.1472
0.124221
0.124197
0.0835142
0.0835306
0.0542117
0.0542069
0.0363588
0.0363436
0.025543
0.0255261
0.0187326
0.0187152
0.0142453
0.0142291
0.0111607
0.0111455
0.00896191
0.00894752
0.00734478
0.00733145
0.00612372
0.00611121
0.00518057
0.00516887
0.00443776
0.0044268
0.00384278
0.00383247
0.00335913
0.00334941
0.00296084
0.00295165
0.00262906
0.00262034
0.00234982
0.00234155
0.00211265
0.00210477
0.00190953
0.00190201
0.00173427
0.00172708
0.00158201
0.00157512
0.0014489
0.0014423
0.00133188
0.00132554
0.00122845
0.00122235
0.146576
0.123631
0.123607
0.0835547
0.0835712
0.0543143
0.0543098
0.0364796
0.0364622
0.0256456
0.0256304
0.0188179
0.0188017
0.0143147
0.0142983
0.0112175
0.0112024
0.00900884
0.00899456
0.00738412
0.00737079
0.00615702
0.00614458
0.00520907
0.00519745
0.0044624
0.00445149
0.00386428
0.00385402
0.00337803
0.00336835
0.00297758
0.00296843
0.00264397
0.0026353
0.0023632
0.00235496
0.00212471
0.00211687
0.00192046
0.00191297
0.00174421
0.00173705
0.00159109
0.00158424
0.00145723
0.00145066
0.00133955
0.00133323
0.00123553
0.00122946
0.146114
0.122326
0.123155
0.0835321
0.0835979
0.0544905
0.0544862
0.0366372
0.0366224
0.0257779
0.0257614
0.0189222
0.0189062
0.0143984
0.0143825
0.0112858
0.0112705
0.00906497
0.0090508
0.00743099
0.00741775
0.00619661
0.00618425
0.00524291
0.00523133
0.00449162
0.00448075
0.00388973
0.00387951
0.00340039
0.00339075
0.00299737
0.00298825
0.0026616
0.00265297
0.002379
0.00237079
0.00213895
0.00213113
0.00193335
0.00192589
0.00175594
0.00174881
0.00160181
0.00159498
0.00146706
0.00146051
0.00134859
0.0013423
0.00124388
0.00123783
0.145118
0.123127
0.123104
0.083443
0.0833614
0.0544616
0.0544668
0.0366592
0.036647
0.0258132
0.0257946
0.0189567
0.0189403
0.0144287
0.0144129
0.0113117
0.0112966
0.00908717
0.00907309
0.00744995
0.00743684
0.00621294
0.00620069
0.00525706
0.00524558
0.00450396
0.00449318
0.00390058
0.00389043
0.00340998
0.00340041
0.0030059
0.00299685
0.00266924
0.00266066
0.00238587
0.00237772
0.00214516
0.0021374
0.00193899
0.00193159
0.00176108
0.001754
0.00160651
0.00159973
0.00147138
0.00146488
0.00135257
0.00134632
0.00124756
0.00124155
0.144724
0.122304
0.121863
0.0834958
0.0834635
0.0546528
0.0546303
0.0368293
0.0368101
0.0259482
0.0259328
0.0190662
0.0190502
0.0145167
0.0145012
0.0113831
0.0113683
0.009146
0.00913201
0.00749903
0.00748599
0.0062544
0.00624218
0.00529247
0.00528105
0.00453453
0.00452379
0.00392721
0.0039171
0.00343338
0.00342384
0.0030266
0.00301759
0.00268768
0.00267914
0.0024024
0.00239428
0.00216006
0.00215232
0.00195248
0.0019451
0.00177335
0.0017663
0.00161772
0.00161096
0.00148166
0.00147518
0.00136203
0.0013558
0.00125629
0.0012503
0.144067
0.122099
0.121252
0.083488
0.0834561
0.0547304
0.0547174
0.0369243
0.0369149
0.0260368
0.0260216
0.0191402
0.0191238
0.0145778
0.0145618
0.0114332
0.0114184
0.00918756
0.00917364
0.00753394
0.00752093
0.00628402
0.00627188
0.00531787
0.0053065
0.00455652
0.00454585
0.00394641
0.00393636
0.00345028
0.00344079
0.00304158
0.00303261
0.00270104
0.00269254
0.00241439
0.0024063
0.00217087
0.00216317
0.00196228
0.00195493
0.00178227
0.00177525
0.00162587
0.00161915
0.00148914
0.00148268
0.00136891
0.00136271
0.00126265
0.00125669
0.143299
0.121793
0.121361
0.0833607
0.0834255
0.0547883
0.0547478
0.0369943
0.0369803
0.0261035
0.0260885
0.0191976
0.0191813
0.0146257
0.0146101
0.0114734
0.0114586
0.00922117
0.00920735
0.00756229
0.0075494
0.0063082
0.00629614
0.00533869
0.00532737
0.00457459
0.00456397
0.00396221
0.00395222
0.0034642
0.00345477
0.00305394
0.00304502
0.00271208
0.00270362
0.00242429
0.00241626
0.0021798
0.00217215
0.00197038
0.00196308
0.00178965
0.00178267
0.00163262
0.00162593
0.00149533
0.00148892
0.00137462
0.00136845
0.00126792
0.00126199
0.142685
0.1208
0.121588
0.0833161
0.0833807
0.054844
0.054813
0.037093
0.0370793
0.0261956
0.0261769
0.0192737
0.0192576
0.0146879
0.0146721
0.0115247
0.0115099
0.00926373
0.00925002
0.00759806
0.0075852
0.00633852
0.00632653
0.00536471
0.00535348
0.00459712
0.00458655
0.00398189
0.00397195
0.00348152
0.00347214
0.00306928
0.00306041
0.00272576
0.00271735
0.00243657
0.00242857
0.00219088
0.00218326
0.00198042
0.00197315
0.00179879
0.00179184
0.00164097
0.00163432
0.00150299
0.00149661
0.00138167
0.00137553
0.00127443
0.00126853
0.142139
0.120674
0.120652
0.0832102
0.0833696
0.0549672
0.054918
0.0372109
0.0371973
0.026297
0.0262815
0.0193567
0.0193407
0.014756
0.0147408
0.0115804
0.0115658
0.00931007
0.00929626
0.00763682
0.00762406
0.00637142
0.00635948
0.00539288
0.00538168
0.00462148
0.00461098
0.00400316
0.00399326
0.00350022
0.00349089
0.00308586
0.00307702
0.00274055
0.00273217
0.00244983
0.00244187
0.00220283
0.00219525
0.00199125
0.00198401
0.00180865
0.00180173
0.00164998
0.00164335
0.00151126
0.0015049
0.00138928
0.00138317
0.00128146
0.00127558
0.141347
0.121127
0.120309
0.0831433
0.0832072
0.0549527
0.0549773
0.0372603
0.037247
0.0263487
0.0263318
0.0194054
0.0193889
0.0147972
0.0147819
0.011615
0.0116005
0.00933923
0.00932565
0.00766165
0.00764895
0.00639266
0.00638078
0.00541118
0.00540007
0.0046374
0.00462696
0.00401709
0.00400727
0.00351253
0.00350325
0.00309679
0.00308801
0.00275031
0.00274198
0.00245861
0.00245069
0.00221076
0.00220322
0.00199844
0.00199125
0.0018152
0.00180832
0.00165597
0.00164938
0.00151676
0.00151044
0.00139434
0.00138827
0.00128614
0.00128029
0.141135
0.11892
0.119671
0.0834115
0.0832868
0.0551963
0.0552027
0.037455
0.0374465
0.0265079
0.0264927
0.0195311
0.0195153
0.0148973
0.0148826
0.0116965
0.0116819
0.00940608
0.00939254
0.00771733
0.00770471
0.00643963
0.00642782
0.00545133
0.00544024
0.00467203
0.00466161
0.00404727
0.00403745
0.00353902
0.00352976
0.00312023
0.00311146
0.00277119
0.00276288
0.00247731
0.00246941
0.00222762
0.00222009
0.00201371
0.00200652
0.00182908
0.00182222
0.00166866
0.00166208
0.00152839
0.00152208
0.00140505
0.00139898
0.00129602
0.00129018
0.140233
0.11925
0.120003
0.0832656
0.0832355
0.0551289
0.0551537
0.037473
0.0374647
0.026537
0.026522
0.0195603
0.0195447
0.0149245
0.0149096
0.0117199
0.0117056
0.0094263
0.00941282
0.00773473
0.00772227
0.00645474
0.00644299
0.00546443
0.00545341
0.00468351
0.00467315
0.00405736
0.00404763
0.00354796
0.00353877
0.00312819
0.00311949
0.00277832
0.00277007
0.00248373
0.00247589
0.00223343
0.00222595
0.00201899
0.00201185
0.0018339
0.00182708
0.00167307
0.00166653
0.00153244
0.00152617
0.00140878
0.00140276
0.00129947
0.00129368
0.139602
0.119797
0.119008
0.0831797
0.0831498
0.0551992
0.0551876
0.0375452
0.0375371
0.0266099
0.0265966
0.0196253
0.0196098
0.0149784
0.0149629
0.0117645
0.0117504
0.00946377
0.00945049
0.00776631
0.00775382
0.00648159
0.00646991
0.00548753
0.00547657
0.00470354
0.00469325
0.00407488
0.00406519
0.0035634
0.00355425
0.00314189
0.00313323
0.00279054
0.00278233
0.00249471
0.0024869
0.00224333
0.00223589
0.00202796
0.00202086
0.00184207
0.00183529
0.00168054
0.00167404
0.0015393
0.00153306
0.0014151
0.0014091
0.00130531
0.00129954
0.13888
0.119485
0.119464
0.0830331
0.0829113
0.055228
0.0551985
0.037608
0.0375954
0.0266674
0.0266512
0.0196761
0.0196596
0.0150206
0.015006
0.0118006
0.0117865
0.00949403
0.00948084
0.00779204
0.00777967
0.00650364
0.00649204
0.00550655
0.00549567
0.00472005
0.00470984
0.00408935
0.00407972
0.00357617
0.00356708
0.00315323
0.00314463
0.00280069
0.00279252
0.00250382
0.00249606
0.00225156
0.00224416
0.00203543
0.00202837
0.00184888
0.00184213
0.00168676
0.00168029
0.00154501
0.0015388
0.00142036
0.00141439
0.00131017
0.00130443
0.138466
0.118676
0.118655
0.0829737
0.0831283
0.0553386
0.0553274
0.0377322
0.0377245
0.0267803
0.0267642
0.0197667
0.0197526
0.0150957
0.0150807
0.0118618
0.0118478
0.00954469
0.0095315
0.00783454
0.00782217
0.00653962
0.00652806
0.00553732
0.00552651
0.0047467
0.00473653
0.00411261
0.00410301
0.00359662
0.00358756
0.00317135
0.00316277
0.00281684
0.0028087
0.00251831
0.00251057
0.00226462
0.00225725
0.00204726
0.00204023
0.00185965
0.00185292
0.00169661
0.00169016
0.00155404
0.00154785
0.00142867
0.00142272
0.00131784
0.00131212
0.137734
0.118349
0.119077
0.0829933
0.0828729
0.0553539
0.0553609
0.0377761
0.0377638
0.0268295
0.0268167
0.019812
0.019798
0.0151349
0.0151203
0.0118948
0.0118809
0.0095728
0.00955971
0.00785838
0.00784619
0.00656009
0.00654859
0.00555502
0.00554425
0.00476209
0.00475199
0.0041261
0.00411657
0.00360854
0.00359954
0.00318195
0.00317342
0.00282631
0.00281822
0.00252682
0.00251913
0.00227231
0.00226498
0.00205424
0.00204725
0.00186601
0.00185932
0.00170243
0.00169602
0.00155938
0.00155323
0.00143359
0.00142768
0.00132239
0.0013167
0.137397
0.118355
0.1176
0.0826988
0.0829419
0.0554872
0.0554763
0.0379204
0.037913
0.0269519
0.0269392
0.0199125
0.0198969
0.0152156
0.0152015
0.0119611
0.0119473
0.00962752
0.00961449
0.00790413
0.00789202
0.00659881
0.0065874
0.00558822
0.00557747
0.00479078
0.0047807
0.00415113
0.00414162
0.00363055
0.00362157
0.00320143
0.00319293
0.00284368
0.00283562
0.0025424
0.00253473
0.00228636
0.00227905
0.00206697
0.00205999
0.00187759
0.00187092
0.00171301
0.00170662
0.00156909
0.00156295
0.00144252
0.00143663
0.00133064
0.00132497
0.136741
0.116632
0.118798
0.0829322
0.0828134
0.0555417
0.055531
0.0379833
0.0379761
0.0270113
0.0269972
0.0199648
0.0199499
0.0152603
0.0152464
0.0119987
0.0119851
0.00965918
0.00964641
0.00793107
0.0079191
0.0066219
0.00661051
0.00560805
0.0055974
0.00480806
0.00479803
0.00416625
0.0041568
0.00364389
0.00363496
0.00321329
0.00320483
0.00285428
0.00284625
0.00255191
0.00254429
0.00229495
0.00228768
0.00207476
0.00206782
0.00188469
0.00187805
0.0017195
0.00171314
0.00157505
0.00156895
0.00144802
0.00144215
0.00133572
0.00133007
0.136369
0.116606
0.117302
0.0828802
0.082852
0.0556713
0.0556608
0.0381127
0.0380961
0.0271262
0.0271138
0.0200576
0.0200434
0.0153362
0.0153216
0.0120606
0.012047
0.00971027
0.00969757
0.00797393
0.00796188
0.00665817
0.00664686
0.00563918
0.00562855
0.00483497
0.00482497
0.00418974
0.00418032
0.00366456
0.00365566
0.00323159
0.00322317
0.0028706
0.0028626
0.00256656
0.00255895
0.00230815
0.00230091
0.00208673
0.00207981
0.00189558
0.00188897
0.00172946
0.00172312
0.00158418
0.0015781
0.00145642
0.00145057
0.00134348
0.00133785
0.135489
0.11829
0.116828
0.0826932
0.0825762
0.0555707
0.0555783
0.038106
0.0380849
0.0271361
0.0271223
0.0200727
0.0200593
0.0153525
0.0153386
0.0120763
0.0120627
0.00972445
0.00971173
0.00798637
0.00797442
0.0066691
0.00665785
0.0056488
0.00563825
0.00484345
0.00483353
0.00419727
0.00418792
0.00367125
0.00366242
0.00323758
0.00322922
0.00287598
0.00286804
0.00257142
0.00256387
0.00231256
0.00230536
0.00209074
0.00208387
0.00189925
0.00189268
0.00173282
0.00172652
0.00158728
0.00158123
0.00145928
0.00145347
0.00134612
0.00134053
0.135138
0.116824
0.116805
0.0825577
0.0826185
0.055719
0.0556909
0.038231
0.038229
0.0272498
0.0272362
0.020167
0.0201525
0.0154284
0.0154145
0.0121383
0.0121247
0.00977578
0.00976318
0.00802944
0.00801753
0.00670559
0.00669443
0.00568006
0.00566956
0.0048705
0.00486064
0.00422089
0.00421156
0.00369203
0.00368322
0.00325599
0.00324765
0.0028924
0.00288448
0.00258615
0.00257862
0.00232584
0.00231867
0.00210278
0.00209593
0.0019102
0.00190365
0.00174283
0.00173655
0.00159646
0.00159043
0.00146773
0.00146194
0.00135393
0.00134835
0.134619
0.115952
0.116631
0.0825806
0.0828181
0.0557761
0.0557661
0.0383246
0.0383133
0.0273277
0.0273111
0.0202337
0.0202199
0.0154843
0.0154695
0.0121843
0.0121711
0.00981443
0.00980184
0.00806203
0.00805018
0.00673331
0.00672225
0.00570393
0.00569345
0.00489121
0.00488138
0.00423898
0.00422971
0.00370798
0.00369922
0.00327015
0.00326184
0.00290504
0.00289716
0.00259749
0.00259
0.00233608
0.00232894
0.00211206
0.00210524
0.00191866
0.00191214
0.00175057
0.00174431
0.00160356
0.00159756
0.00147427
0.0014685
0.00135997
0.00135441
0.134369
0.115324
0.115305
0.0825889
0.082825
0.0559238
0.0559317
0.0384689
0.038472
0.0274557
0.0274407
0.0203386
0.0203243
0.0155694
0.0155557
0.012254
0.0122408
0.00987211
0.00985956
0.00811022
0.00809848
0.0067742
0.00676313
0.00573891
0.00572849
0.00492145
0.00491165
0.00426537
0.00425611
0.00373118
0.00372244
0.0032907
0.00328242
0.00292336
0.0029155
0.00261392
0.00260644
0.00235089
0.00234377
0.00212548
0.00211868
0.00193088
0.00192436
0.00176172
0.00175548
0.00161379
0.00160781
0.00148369
0.00147793
0.00136867
0.00136312
0.13358
0.115598
0.11558
0.0826975
0.0825831
0.0558962
0.0559043
0.0384701
0.0384638
0.027476
0.0274611
0.0203614
0.0203479
0.0155911
0.015578
0.0122739
0.0122609
0.00988945
0.00987707
0.00812542
0.0081137
0.00678745
0.00677644
0.00575048
0.00574013
0.00493162
0.00492188
0.00427434
0.00426516
0.00373916
0.00373047
0.00329781
0.00328959
0.00292975
0.00292193
0.00261968
0.00261225
0.00235611
0.00234903
0.00213023
0.00212346
0.00193521
0.00192873
0.00176569
0.00175949
0.00161744
0.00161149
0.00148706
0.00148133
0.00137178
0.00136627
0.133154
0.114819
0.115476
0.082501
0.082561
0.0559807
0.0559534
0.0385775
0.0385713
0.0275702
0.027554
0.020438
0.0204246
0.0156547
0.0156409
0.0123261
0.0123129
0.00993291
0.00992053
0.00816194
0.00815038
0.00681856
0.0068076
0.00577721
0.00576688
0.00495479
0.00494509
0.00429461
0.00428545
0.00375701
0.00374836
0.00331364
0.00330544
0.00294388
0.00293609
0.00263236
0.00262496
0.00236755
0.0023605
0.0021406
0.00213386
0.00194465
0.0019382
0.00177433
0.00176815
0.00162537
0.00161944
0.00149435
0.00148865
0.00137852
0.00137303
0.132357
0.115063
0.116407
0.0822447
0.0822183
0.055905
0.0559133
0.0385696
0.0385589
0.0275778
0.0275632
0.0204561
0.0204416
0.0156729
0.0156588
0.0123431
0.01233
0.00994786
0.00993576
0.0081753
0.00816369
0.00683017
0.00681933
0.00578743
0.00577719
0.00496379
0.00495417
0.00430259
0.0042935
0.0037641
0.00375551
0.00332
0.00331185
0.00294958
0.00294185
0.00263752
0.00263016
0.00237222
0.00236521
0.00214485
0.00213815
0.00194854
0.00194213
0.00177789
0.00177175
0.00162864
0.00162275
0.00149738
0.00149171
0.00138132
0.00137586
0.132267
0.113266
0.115224
0.0824232
0.0824827
0.0561065
0.0560973
0.0387603
0.0387497
0.0277369
0.0277225
0.0205814
0.0205681
0.0157738
0.0157597
0.012425
0.0124121
0.0100156
0.0100031
0.00823161
0.00822013
0.00687786
0.00686699
0.00582815
0.00581796
0.00499901
0.00498939
0.00433327
0.0043242
0.00379108
0.0037825
0.00334388
0.00333575
0.00297087
0.00296314
0.00265659
0.00264925
0.00238942
0.00238242
0.00216043
0.00215374
0.00196271
0.00195631
0.00179084
0.00178471
0.00164052
0.00163463
0.00150831
0.00150265
0.00139141
0.00138596
0.131093
0.116491
0.115119
0.082177
0.081981
0.0558095
0.055923
0.0386398
0.0386341
0.0276666
0.0276508
0.0205377
0.0205252
0.0157445
0.0157311
0.0124043
0.0123917
0.0100004
0.00998807
0.00822002
0.00820859
0.00686869
0.0068579
0.00582075
0.00581064
0.0049929
0.00498334
0.00432815
0.00431915
0.00378672
0.00377821
0.00334011
0.00333206
0.00296759
0.00295994
0.00265371
0.00264644
0.00238687
0.00237993
0.00215815
0.00215152
0.00196066
0.00195432
0.00178899
0.00178291
0.00163884
0.001633
0.00150677
0.00150116
0.00139
0.0013846
0.131147
0.113463
0.114749
0.0821837
0.0821579
0.0561366
0.0561803
0.0388593
0.0388537
0.0278517
0.027836
0.0206823
0.0206687
0.01586
0.0158471
0.012499
0.0124859
0.0100779
0.0100658
0.0082846
0.00827332
0.00692339
0.00691254
0.00586743
0.00585736
0.00503317
0.00502365
0.00436323
0.00435425
0.00381753
0.00380903
0.0033674
0.00335933
0.00299189
0.00298424
0.00267549
0.00266822
0.00240649
0.00239955
0.00217593
0.0021693
0.00197683
0.00197049
0.00180376
0.00179768
0.00165239
0.00164655
0.00151924
0.00151363
0.00140151
0.00139611
