51

-0.001

-0.0007

-0.0004

-0.0002

0.0

0.0005

0.001

0.0015

0.002

0.0025

0.003

0.0035

0.004

0.0045

0.005

0.0055

0.006

0.0065

0.007

0.0075

0.008

0.0085

0.009

0.0095

0.01

0.012

0.014

0.016

0.018

0.02

0.022

0.024

0.026

0.028

0.03

0.032

0.034

0.036

0.038

0.04

0.043

0.047

0.05

0.053

0.057

0.06

0.07

0.09

0.11

0.15

0.16

65

-0.032

-0.031

-0.03

-0.029

-0.028

-0.027

-0.026

-0.025

-0.024

-0.023

-0.022

-0.021

-0.02

-0.019

-0.018

-0.017

-0.016

-0.015

-0.014

-0.013

-0.012

-0.011

-0.01

-0.009

-0.008

-0.007

-0.006

-0.005

-0.004

-0.003

-0.002

-0.001

0

0.001

0.002

0.003

0.004

0.005

0.006

0.007

0.008

0.009

0.01

0.011

0.012

0.013

0.014

0.015

0.016

0.017

0.018

0.019

0.02

0.021

0.022

0.023

0.024

0.025

0.026

0.027

0.028

0.029

0.03

0.031

0.032

29

-0.030

-0.025

-0.020

-0.015

-0.010

-0.005

-0.001

-0.0005

0

0.0005

0.001

0.002

0.003

0.004

0.005

0.006

0.007

0.008

0.009

0.0095

0.010

0.0105

0.011

0.015

0.020

0.025

0.030

0.035

0.040

